1	0.1474
2	0.4304
3	0.557
4	0.8061
5	1.0202
6	1.1983
7	1.3891
8	1.5605
9	1.7387
10	1.904
11	2.0623
12	2.2357
13	2.3825
14	2.5299
15	2.6792
16	2.8163
17	2.9451
18	3.0896
19	3.2113
20	3.3417
21	3.4678
22	3.5838
23	3.7024
24	3.8164
25	3.9202
26	4.038
27	4.1374
28	4.2278
29	4.341
30	4.4396
31	4.5295
32	4.6178
33	4.7054
34	4.7947
35	4.8761
36	4.9653
37	5.0458
38	5.1312
39	5.2044
40	5.2721
41	5.3498
42	5.4275
43	5.4922
44	5.5695
45	5.6291
46	5.6988
47	5.764
48	5.8252
49	5.881
50	5.9479
51	6.0045
52	6.0609
53	6.1171
54	6.1723
55	6.2197
56	6.2779
57	6.3325
58	6.3855
59	6.4309
60	6.4812
61	6.5226
62	6.5653
63	6.6244
64	6.6644
65	6.7045
66	6.7532
67	6.7841
68	6.8282
69	6.8742
70	6.9009
71	6.9387
72	6.9884
73	7.0229
74	7.0593
75	7.0936
76	7.1265
77	7.1641
78	7.1849
79	7.2153
80	7.2633
81	7.2942
82	7.3085
83	7.3467
84	7.387
85	7.3964
86	7.4334
87	7.4648
88	7.4781
89	7.5206
90	7.5371
91	7.5571
92	7.5983
93	7.6183
94	7.6395
95	7.6642
96	7.6929
97	7.6992
98	7.7233
99	7.7598
100	7.7699
101	7.7968
102	7.8206
103	7.8198
104	7.8503
105	7.8805
106	7.8873
107	7.9051
108	7.9359
109	7.9427
110	7.9674
111	7.9964
112	7.9933
113	8.0005
114	8.04
115	8.0469
116	8.0555
117	8.0933
118	8.0897
119	8.0962
120	8.1308
121	8.1534
122	8.1469
123	8.1725
124	8.2059
125	8.1866
126	8.2046
127	8.2395
128	8.2427
129	8.2567
130	8.2788
131	8.2587
132	8.2764
133	8.3186
134	8.3144
135	8.3103
136	8.3472
137	8.3457
138	8.3384
139	8.3718
140	8.3943
141	8.3763
142	8.4016
143	8.4268
144	8.4116
145	8.4203
146	8.461
147	8.4552
148	8.4383
149	8.4757
150	8.4838
151	8.4755
152	8.4934
153	8.5213
154	8.5042
155	8.5147
156	8.5504
157	8.5401
158	8.5346
159	8.5665
160	8.5633
161	8.5528
162	8.5904
163	8.5988
164	8.5778
165	8.6074
166	8.6247
167	8.6076
168	8.6204
169	8.6495
170	8.6311
171	8.635
172	8.6678
173	8.6628
174	8.6607
175	8.6915
176	8.6874
177	8.6794
178	8.6985
179	8.713
180	8.71
181	8.7088
182	8.7284
183	8.7155
184	8.717
185	8.752
186	8.7584
187	8.733
188	8.7494
189	8.768
190	8.7679
191	8.7674
192	8.786
193	8.7753
194	8.7736
195	8.801
196	8.8041
197	8.7945
198	8.8211
199	8.8258
200	8.805
201	8.8104
202	8.8449
203	8.838
204	8.8302
205	8.8462
206	8.8465
207	8.8482
208	8.8536
209	8.8764
210	8.864
211	8.862
212	8.8804
213	8.8775
214	8.8756
215	8.8807
216	8.9064
217	8.9031
218	8.8895
219	8.916
220	8.9187
221	8.8973
222	8.9101
223	8.9355
224	8.9317
225	8.9118
226	8.9306
227	8.9403
228	8.9276
229	8.9404
230	8.9539
231	8.9559
232	8.9511
233	8.9539
234	8.9708
235	8.9567
236	8.9604
237	8.985
238	8.9854
239	8.9717
240	8.9697
241	8.9885
242	8.9875
243	8.9856
244	8.9944
245	9.0012
246	9.0044
247	9.0016
248	9.0148
249	9.0267
250	9.004
251	9.0146
252	9.0342
253	9.0229
254	9.0267
255	9.028
256	9.0418
257	9.0323
258	9.0237
259	9.0509
260	9.0526
261	9.0372
262	9.0415
263	9.0564
264	9.0551
265	9.0527
266	9.0671
267	9.0774
268	9.0715
269	9.0535
270	9.0854
271	9.0884
272	9.069
273	9.0705
274	9.0948
275	9.0839
276	9.0793
277	9.0896
278	9.1092
279	9.0995
280	9.0884
281	9.1036
282	9.1107
283	9.0994
284	9.1036
285	9.1215
286	9.1279
287	9.109
288	9.1078
289	9.1332
290	9.1309
291	9.1233
292	9.1106
293	9.1392
294	9.1419
295	9.1236
296	9.13
297	9.1554
298	9.1518
299	9.14
300	9.1462
301	9.1619
302	9.1543
303	9.1493
304	9.1555
305	9.1663
306	9.1613
307	9.1603
308	9.1686
309	9.1741
310	9.1683
311	9.1628
312	9.1777
313	9.1776
314	9.1704
315	9.174
316	9.1907
317	9.195
318	9.1877
319	9.1916
320	9.2006
321	9.1857
322	9.1881
323	9.2078
324	9.2145
325	9.1965
326	9.2007
327	9.2127
328	9.2225
329	9.208
330	9.1994
331	9.2273
332	9.22
333	9.2154
334	9.2093
335	9.2325
336	9.2183
337	9.2121
338	9.2358
339	9.2404
340	9.2241
341	9.2218
342	9.2395
343	9.2485
344	9.2286
345	9.2253
346	9.2564
347	9.2456
348	9.2362
349	9.2434
350	9.2531
351	9.2539
352	9.2484
353	9.2543
354	9.2661
355	9.2575
356	9.2537
357	9.2638
358	9.2635
359	9.2621
360	9.2529
361	9.2737
362	9.2789
363	9.2697
364	9.2663
365	9.2844
366	9.2823
367	9.2689
368	9.2634
369	9.2904
370	9.2832
371	9.2825
372	9.2739
373	9.2951
374	9.2958
375	9.2834
376	9.2864
377	9.3014
378	9.3084
379	9.2943
380	9.2994
381	9.3152
382	9.3148
383	9.3016
384	9.3076
385	9.3238
386	9.3142
387	9.2985
388	9.3095
389	9.3177
390	9.317
391	9.3081
392	9.3219
393	9.3254
394	9.3248
395	9.3183
396	9.3179
397	9.3329
398	9.3377
399	9.3233
400	9.3324
401	9.3455
402	9.3302
403	9.3252
404	9.327
405	9.3392
406	9.3433
407	9.3362
408	9.3317
409	9.3421
410	9.3509
411	9.3374
412	9.3353
413	9.3585
414	9.3545
415	9.3387
416	9.3317
417	9.3576
418	9.3708
419	9.3462
420	9.355
421	9.3656
422	9.3595
423	9.3554
424	9.3525
425	9.3772
426	9.3737
427	9.3558
428	9.365
429	9.3783
430	9.3832
431	9.3608
432	9.3631
433	9.3803
434	9.3743
435	9.3705
436	9.3691
437	9.3927
438	9.3861
439	9.3777
440	9.3692
441	9.3965
442	9.3899
443	9.3744
444	9.3937
445	9.3967
446	9.3974
447	9.3885
448	9.3848
449	9.3983
450	9.3977
451	9.3822
452	9.3922
453	9.3984
454	9.4099
455	9.3964
456	9.3986
457	9.3996
458	9.4145
459	9.4074
460	9.3917
461	9.4036
462	9.4139
463	9.4148
464	9.4111
465	9.4115
466	9.417
467	9.4354
468	9.4109
469	9.4063
470	9.4137
471	9.4191
472	9.4259
473	9.4214
474	9.4185
475	9.4349
476	9.4218
477	9.4069
478	9.427
479	9.4331
480	9.437
481	9.4261
482	9.4248
483	9.4347
484	9.4382
485	9.4349
486	9.4283
487	9.4369
488	9.4455
489	9.4395
490	9.4427
491	9.4426
492	9.4516
493	9.46
494	9.4416
495	9.442
496	9.4535
497	9.4522
498	9.446
499	9.4503
500	9.4486
501	9.4604
502	9.4536
503	9.4483
504	9.4573
505	9.4585
506	9.4535
507	9.4547
508	9.453
509	9.4665
510	9.4649
511	9.4576
512	9.4552
513	9.4702
514	9.4708
515	9.4652
516	9.4564
517	9.4756
518	9.4768
519	9.4598
520	9.4573
521	9.4699
522	9.4814
523	9.4746
524	9.462
525	9.4775
526	9.4946
527	9.4872
528	9.4739
529	9.4753
530	9.4822
531	9.4885
532	9.4827
533	9.4797
534	9.4911
535	9.4953
536	9.4873
537	9.4817
538	9.4941
539	9.4922
540	9.497
541	9.4857
542	9.4786
543	9.4953
544	9.5022
545	9.5028
546	9.4846
547	9.4999
548	9.5039
549	9.5048
550	9.4905
551	9.4875
552	9.5102
553	9.5131
554	9.5075
555	9.4986
556	9.5121
557	9.5205
558	9.5094
559	9.5051
560	9.5132
561	9.5176
562	9.5021
563	9.4995
564	9.514
565	9.519
566	9.5111
567	9.5128
568	9.5049
569	9.5179
570	9.5284
571	9.5087
572	9.5138
573	9.5198
574	9.5314
575	9.5182
576	9.5133
577	9.5289
578	9.5266
579	9.5256
580	9.53
581	9.5247
582	9.5307
583	9.5313
584	9.5238
585	9.5164
586	9.5307
587	9.5405
588	9.5338
589	9.5287
590	9.5256
591	9.5426
592	9.549
593	9.526
594	9.5317
595	9.5379
596	9.5457
597	9.5415
598	9.5343
599	9.5376
600	9.5521
601	9.546
602	9.5374
603	9.5304
604	9.5491
605	9.5595
606	9.5466
607	9.544
608	9.5417
609	9.5626
610	9.5563
611	9.5435
612	9.5456
613	9.5576
614	9.5662
615	9.5464
616	9.5432
617	9.5519
618	9.5646
619	9.5638
620	9.5515
621	9.5597
622	9.5651
623	9.5747
624	9.5625
625	9.5578
626	9.5733
627	9.5747
628	9.5568
629	9.5562
630	9.5749
631	9.57
632	9.5677
633	9.555
634	9.5642
635	9.5792
636	9.5734
637	9.5588
638	9.5592
639	9.5739
640	9.5788
641	9.5777
642	9.5622
643	9.5756
644	9.5818
645	9.5922
646	9.57
647	9.5661
648	9.5818
649	9.5855
650	9.5844
651	9.5696
652	9.5687
653	9.5914
654	9.5899
655	9.5765
656	9.5766
657	9.5873
658	9.6041
659	9.5806
660	9.5766
661	9.5863
662	9.589
663	9.6067
664	9.5883
665	9.5816
666	9.6
667	9.5954
668	9.5888
669	9.5858
670	9.5898
671	9.6006
672	9.5983
673	9.5848
674	9.5878
675	9.6085
676	9.6037
677	9.6011
678	9.5953
679	9.6106
680	9.6071
681	9.5956
682	9.5953
683	9.6039
684	9.6136
685	9.6079
686	9.6012
687	9.6101
688	9.6128
689	9.6137
690	9.6014
691	9.6099
692	9.6224
693	9.6175
694	9.6089
695	9.6136
696	9.6209
697	9.6293
698	9.6144
699	9.6121
700	9.6074
701	9.6272
702	9.62
703	9.608
704	9.6153
705	9.6356
706	9.6309
707	9.622
708	9.6073
709	9.6159
710	9.6344
711	9.6343
712	9.6177
713	9.6238
714	9.6343
715	9.6284
716	9.6197
717	9.6199
718	9.6349
719	9.6379
720	9.6277
721	9.6164
722	9.6229
723	9.6456
724	9.6416
725	9.6192
726	9.6251
727	9.6415
728	9.6406
729	9.6268
730	9.6244
731	9.6392
732	9.6547
733	9.6487
734	9.6328
735	9.6434
736	9.6452
737	9.6473
738	9.6353
739	9.6283
740	9.6427
741	9.6603
742	9.6486
743	9.636
744	9.6471
745	9.6531
746	9.6496
747	9.6362
748	9.6418
749	9.653
750	9.6567
751	9.6474
752	9.642
753	9.6582
754	9.6562
755	9.6523
756	9.6537
757	9.654
758	9.6714
759	9.66
760	9.6392
761	9.6523
762	9.6644
763	9.6593
764	9.6576
765	9.653
766	9.6635
767	9.6699
768	9.6571
769	9.6473
770	9.662
771	9.6677
772	9.6623
773	9.6572
774	9.657
775	9.6726
776	9.672
777	9.6621
778	9.6651
779	9.6706
780	9.6796
781	9.6655
782	9.6651
783	9.6634
784	9.6781
785	9.6717
786	9.6658
787	9.6637
788	9.6739
789	9.6798
790	9.6734
791	9.6619
792	9.6801
793	9.6822
794	9.6784
795	9.6674
796	9.6697
797	9.6797
798	9.6836
799	9.6737
800	9.6635
801	9.6921
802	9.686
803	9.6726
804	9.67
805	9.6814
806	9.7033
807	9.6824
808	9.672
809	9.6893
810	9.6971
811	9.6957
812	9.675
813	9.6769
814	9.6901
815	9.6901
816	9.6783
817	9.6783
818	9.6948
819	9.6941
820	9.6937
821	9.6855
822	9.6947
823	9.6972
824	9.7042
825	9.6931
826	9.6882
827	9.7037
828	9.7054
829	9.6881
830	9.6834
831	9.694
832	9.716
833	9.7079
834	9.69
835	9.695
836	9.7076
837	9.7131
838	9.6958
839	9.6919
840	9.7078
841	9.7071
842	9.7044
843	9.6928
844	9.6934
845	9.7107
846	9.7101
847	9.692
848	9.6963
849	9.7033
850	9.7163
851	9.7072
852	9.7001
853	9.7047
854	9.7196
855	9.7195
856	9.7072
857	9.7049
858	9.719
859	9.7136
860	9.6998
861	9.7006
862	9.7195
863	9.725
864	9.7104
865	9.704
866	9.71
867	9.7145
868	9.716
869	9.6988
870	9.7158
871	9.7232
872	9.7194
873	9.7088
874	9.7189
875	9.7279
876	9.7214
877	9.7148
878	9.7188
879	9.7265
880	9.7221
881	9.7137
882	9.7124
883	9.7316
884	9.7338
885	9.7214
886	9.7083
887	9.7208
888	9.7403
889	9.728
890	9.7141
891	9.7285
892	9.7341
893	9.7317
894	9.7218
895	9.7178
896	9.7376
897	9.7498
898	9.7329
899	9.7252
900	9.7372
901	9.7387
902	9.7306
903	9.7114
904	9.7324
905	9.7488
906	9.7369
907	9.7326
908	9.7308
909	9.7415
910	9.7424
911	9.7263
912	9.7218
913	9.7461
914	9.7508
915	9.7354
916	9.731
917	9.7413
918	9.752
919	9.7463
920	9.7283
921	9.7476
922	9.7444
923	9.7411
924	9.7398
925	9.733
926	9.7462
927	9.7581
928	9.7416
929	9.7376
930	9.7476
931	9.7545
932	9.7511
933	9.7418
934	9.7419
935	9.7486
936	9.7612
937	9.7453
938	9.7353
939	9.7403
940	9.7587
941	9.7573
942	9.7466
943	9.7402
944	9.758
945	9.7626
946	9.7533
947	9.7391
948	9.7488
949	9.7639
950	9.7666
951	9.7439
952	9.7443
953	9.7641
954	9.7713
955	9.7572
956	9.7475
957	9.7472
958	9.7579
959	9.7665
960	9.7508
961	9.749
962	9.7645
963	9.77
964	9.7679
965	9.754
966	9.7503
967	9.763
968	9.7687
969	9.7641
970	9.7529
971	9.7612
972	9.7704
973	9.7625
974	9.7568
975	9.75
976	9.7709
977	9.7764
978	9.7637
979	9.7649
980	9.7626
981	9.7767
982	9.7725
983	9.7651
984	9.7608
985	9.7845
986	9.7728
987	9.7625
988	9.7604
989	9.768
990	9.7815
991	9.7726
992	9.7655
993	9.7711
994	9.7757
995	9.7717
996	9.77
997	9.773
998	9.7823
999	9.7826
1000	9.7776
1001	9.769
1002	9.783
1003	9.786
1004	9.7786
1005	9.7684
1006	9.7773
1007	9.7901
1008	9.7916
1009	9.7759
1010	9.778
1011	9.7912
1012	9.7946
1013	9.7715
1014	9.777
1015	9.7921
1016	9.7857
1017	9.7805
1018	9.7704
1019	9.7787
1020	9.795
1021	9.7958
1022	9.7824
1023	9.7753
1024	9.7974
1025	9.8022
1026	9.7844
1027	9.7719
1028	9.7961
1029	9.8025
1030	9.7928
1031	9.7805
1032	9.79
1033	9.8001
1034	9.7981
1035	9.7864
1036	9.7796
1037	9.8004
1038	9.793
1039	9.7855
1040	9.7824
1041	9.7971
1042	9.7958
1043	9.7995
1044	9.7866
1045	9.795
1046	9.8035
1047	9.8025
1048	9.7923
1049	9.795
1050	9.8047
1051	9.7998
1052	9.7981
1053	9.7922
1054	9.7977
1055	9.8031
1056	9.8095
1057	9.7918
1058	9.7904
1059	9.7999
1060	9.8106
1061	9.8081
1062	9.7967
1063	9.7864
1064	9.7982
1065	9.8087
1066	9.804
1067	9.7981
1068	9.7955
1069	9.7973
1070	9.8182
1071	9.7983
1072	9.7972
1073	9.8008
1074	9.8149
1075	9.8066
1076	9.7964
1077	9.7915
1078	9.8109
1079	9.8216
1080	9.8128
1081	9.8011
1082	9.7974
1083	9.8039
1084	9.8118
1085	9.8112
1086	9.8067
1087	9.8022
1088	9.8169
1089	9.8238
1090	9.8044
1091	9.7994
1092	9.8067
1093	9.8125
1094	9.8185
1095	9.8084
1096	9.8028
1097	9.8162
1098	9.8146
1099	9.8151
1100	9.81
1101	9.8047
1102	9.8197
1103	9.8288
1104	9.8191
1105	9.807
1106	9.8117
1107	9.8258
1108	9.8254
1109	9.812
1110	9.8119
1111	9.8203
1112	9.8267
1113	9.821
1114	9.8077
1115	9.8061
1116	9.8308
1117	9.8258
1118	9.8164
1119	9.8135
1120	9.8274
1121	9.8351
1122	9.8192
1123	9.8119
1124	9.8247
1125	9.8324
1126	9.8188
1127	9.8198
1128	9.815
1129	9.8371
1130	9.8353
1131	9.8176
1132	9.8259
1133	9.8384
1134	9.8341
1135	9.829
1136	9.8204
1137	9.8291
1138	9.8321
1139	9.8353
1140	9.8288
1141	9.8241
1142	9.8394
1143	9.8443
1144	9.8266
1145	9.8243
1146	9.8393
1147	9.8474
1148	9.8366
1149	9.8193
1150	9.8267
1151	9.8454
1152	9.8419
1153	9.832
1154	9.8198
1155	9.8319
1156	9.8436
1157	9.8384
1158	9.8289
1159	9.8303
1160	9.8486
1161	9.8417
1162	9.8258
1163	9.8275
1164	9.8459
1165	9.8558
1166	9.833
1167	9.8344
1168	9.8358
1169	9.8512
1170	9.844
1171	9.8351
1172	9.8312
1173	9.8578
1174	9.8509
1175	9.8345
1176	9.834
1177	9.8556
1178	9.8505
1179	9.846
1180	9.8362
1181	9.8473
1182	9.8523
1183	9.8627
1184	9.8417
1185	9.8367
1186	9.8451
1187	9.8524
1188	9.8516
1189	9.843
1190	9.8362
1191	9.8523
1192	9.852
1193	9.8486
1194	9.8527
1195	9.8454
1196	9.8643
1197	9.8545
1198	9.8404
1199	9.8471
1200	9.8608
1201	9.8557
1202	9.8487
1203	9.8449
1204	9.8532
1205	9.8635
1206	9.8471
1207	9.8501
1208	9.8604
1209	9.8621
1210	9.8582
1211	9.8489
1212	9.8525
1213	9.8673
1214	9.8622
1215	9.8574
1216	9.863
1217	9.8674
1218	9.8657
1219	9.8486
1220	9.8599
1221	9.8574
1222	9.8601
1223	9.861
1224	9.8516
1225	9.8626
1226	9.8709
1227	9.8607
1228	9.8564
1229	9.8532
1230	9.8743
1231	9.8624
1232	9.8557
1233	9.85
1234	9.8681
1235	9.8685
1236	9.865
1237	9.8683
1238	9.8689
1239	9.8744
1240	9.8603
1241	9.8622
1242	9.8716
1243	9.8736
1244	9.8705
1245	9.8562
1246	9.8654
1247	9.8783
1248	9.8726
1249	9.8623
1250	9.8611
1251	9.8766
1252	9.8732
1253	9.8651
1254	9.871
1255	9.8816
1256	9.8762
1257	9.8713
1258	9.8735
1259	9.8745
1260	9.8794
1261	9.8754
1262	9.8647
1263	9.8824
1264	9.881
1265	9.8769
1266	9.869
1267	9.8786
1268	9.8847
1269	9.8775
1270	9.87
1271	9.88
1272	9.8801
1273	9.8819
1274	9.8791
1275	9.8821
1276	9.8917
1277	9.8828
1278	9.8704
1279	9.8805
1280	9.8851
1281	9.8886
1282	9.8774
1283	9.8744
1284	9.8919
1285	9.8928
1286	9.8848
1287	9.8785
1288	9.8844
1289	9.8877
1290	9.8904
1291	9.8772
1292	9.883
1293	9.8967
1294	9.8937
1295	9.8889
1296	9.8884
1297	9.8986
1298	9.8938
1299	9.8843
1300	9.8911
1301	9.8974
1302	9.891
1303	9.8905
1304	9.8876
1305	9.8904
1306	9.9069
1307	9.8941
1308	9.8829
1309	9.8923
1310	9.9045
1311	9.8889
1312	9.8942
1313	9.9002
1314	9.9068
1315	9.8897
1316	9.8889
1317	9.8923
1318	9.9068
1319	9.8894
1320	9.8865
1321	9.8981
1322	9.9044
1323	9.8998
1324	9.8858
1325	9.8935
1326	9.9003
1327	9.9039
1328	9.8971
1329	9.8971
1330	9.909
1331	9.9036
1332	9.8895
1333	9.8905
1334	9.9119
1335	9.9052
1336	9.895
1337	9.9004
1338	9.9042
1339	9.9094
1340	9.8952
1341	9.9023
1342	9.9073
1343	9.9065
1344	9.9013
1345	9.8974
1346	9.9013
1347	9.915
1348	9.9074
1349	9.8934
1350	9.8982
1351	9.9088
1352	9.9154
1353	9.9025
1354	9.9009
1355	9.9008
1356	9.9119
1357	9.9054
1358	9.9021
1359	9.9024
1360	9.904
1361	9.916
1362	9.9024
1363	9.9049
1364	9.8951
1365	9.9141
1366	9.9085
1367	9.8992
1368	9.8986
1369	9.9025
1370	9.9114
1371	9.9162
1372	9.9027
1373	9.9046
1374	9.9057
1375	9.9229
1376	9.9114
1377	9.9047
1378	9.9005
1379	9.9017
1380	9.9147
1381	9.9196
1382	9.9097
1383	9.8983
1384	9.9085
1385	9.9222
1386	9.9071
1387	9.9022
1388	9.9073
1389	9.9145
1390	9.9167
1391	9.9065
1392	9.9057
1393	9.9108
1394	9.9245
1395	9.91
1396	9.9047
1397	9.8944
1398	9.9106
1399	9.9227
1400	9.9165
1401	9.9045
1402	9.9081
1403	9.9151
1404	9.9154
1405	9.912
1406	9.8998
1407	9.9078
1408	9.9287
1409	9.9229
1410	9.9145
1411	9.9169
1412	9.9142
1413	9.9241
1414	9.9178
1415	9.9124
1416	9.9127
1417	9.917
1418	9.9209
1419	9.9056
1420	9.9108
1421	9.9143
1422	9.9258
1423	9.9169
1424	9.9174
1425	9.9166
1426	9.9146
1427	9.931
1428	9.9252
1429	9.9152
1430	9.9202
1431	9.9195
1432	9.9218
1433	9.9079
1434	9.9144
1435	9.9246
1436	9.9327
1437	9.9336
1438	9.9195
1439	9.9288
1440	9.9299
1441	9.9208
1442	9.9177
1443	9.9247
1444	9.9241
1445	9.9263
1446	9.9166
1447	9.9204
1448	9.9271
1449	9.9385
1450	9.9244
1451	9.9198
1452	9.9346
1453	9.934
1454	9.9331
1455	9.921
1456	9.9289
1457	9.9437
1458	9.9348
1459	9.9246
1460	9.9218
1461	9.9375
1462	9.9429
1463	9.9312
1464	9.9368
1465	9.9287
1466	9.9364
1467	9.9367
1468	9.9294
1469	9.9286
1470	9.9402
1471	9.9437
1472	9.9368
1473	9.9267
1474	9.9343
1475	9.9467
1476	9.9393
1477	9.9276
1478	9.9334
1479	9.9302
1480	9.9417
1481	9.9397
1482	9.9305
1483	9.938
1484	9.9436
1485	9.9373
1486	9.9402
1487	9.931
1488	9.9388
1489	9.9441
1490	9.9352
1491	9.9338
1492	9.9407
1493	9.9372
1494	9.9406
1495	9.9391
1496	9.9383
1497	9.9306
1498	9.9509
1499	9.9439
1500	9.9315
1501	9.9325
1502	9.9466
1503	9.9523
1504	9.935
1505	9.9288
1506	9.9422
1507	9.9515
1508	9.9393
1509	9.9405
1510	9.9373
1511	9.9496
1512	9.9491
1513	9.9398
1514	9.9379
1515	9.9483
1516	9.9462
1517	9.9447
1518	9.9339
1519	9.9411
1520	9.9524
1521	9.95
1522	9.9397
1523	9.9388
1524	9.9489
1525	9.9583
1526	9.9458
1527	9.9356
1528	9.9444
1529	9.9501
1530	9.9499
1531	9.9421
1532	9.9429
1533	9.9621
1534	9.9551
1535	9.9434
1536	9.9494
1537	9.9514
1538	9.9585
1539	9.9511
1540	9.9404
1541	9.9407
1542	9.9612
1543	9.959
1544	9.956
1545	9.9434
1546	9.9507
1547	9.9529
1548	9.9509
1549	9.948
1550	9.9536
1551	9.9634
1552	9.9668
1553	9.9491
1554	9.9525
1555	9.9557
1556	9.9623
1557	9.9598
1558	9.9505
1559	9.964
1560	9.9682
1561	9.9562
1562	9.9587
1563	9.9485
1564	9.9615
1565	9.9601
1566	9.95
1567	9.9537
1568	9.9608
1569	9.9659
1570	9.9599
1571	9.9556
1572	9.9606
1573	9.9603
1574	9.9595
1575	9.9547
1576	9.9548
1577	9.9676
1578	9.9694
1579	9.9536
1580	9.9522
1581	9.9659
1582	9.9659
1583	9.9611
1584	9.9613
1585	9.9654
1586	9.973
1587	9.9658
1588	9.9587
1589	9.9578
1590	9.974
1591	9.9662
1592	9.9583
1593	9.9569
1594	9.9677
1595	9.9736
1596	9.9682
1597	9.9509
1598	9.9666
1599	9.9705
1600	9.9605
1601	9.9527
1602	9.97
1603	9.9664
1604	9.9711
1605	9.9646
1606	9.9684
1607	9.9684
1608	9.9715
1609	9.9619
1610	9.9578
1611	9.9747
1612	9.979
1613	9.9625
1614	9.9657
1615	9.9747
1616	9.9734
1617	9.9644
1618	9.9607
1619	9.9774
1620	9.9833
1621	9.969
1622	9.9675
1623	9.9757
1624	9.9747
1625	9.9768
1626	9.9667
1627	9.9815
1628	9.9838
1629	9.9679
1630	9.9685
1631	9.9745
1632	9.9793
1633	9.985
1634	9.9716
1635	9.978
1636	9.9834
1637	9.9837
1638	9.9682
1639	9.9749
1640	9.992
1641	9.9869
1642	9.9831
1643	9.9724
1644	9.9795
1645	9.9848
1646	9.9689
1647	9.9789
1648	9.9776
1649	9.9882
1650	9.9834
1651	9.9723
1652	9.9744
1653	9.9924
1654	9.9817
1655	9.9851
1656	9.9828
1657	9.9839
1658	9.9906
1659	9.9751
1660	9.9772
1661	9.9756
1662	9.9888
1663	9.9773
1664	9.9763
1665	9.9786
1666	9.986
1667	9.9946
1668	9.9777
1669	9.9895
1670	9.9861
1671	9.9922
1672	9.9814
1673	9.9857
1674	9.9851
1675	9.9898
1676	9.9924
1677	9.9767
1678	9.993
1679	9.9926
1680	9.9893
1681	9.9849
1682	9.9887
1683	9.9937
1684	9.9873
1685	9.9869
1686	9.9925
1687	9.9987
1688	9.9886
1689	9.9777
1690	9.99
1691	9.9961
1692	9.9956
1693	9.9835
1694	9.9877
1695	9.9936
1696	9.9955
1697	9.9904
1698	9.9844
1699	9.9871
1700	9.9981
1701	9.9963
1702	9.9871
1703	9.9889
1704	10
1705	9.9963
1706	9.9903
1707	9.9848
1708	9.997
1709	9.9994
1710	9.9875
1711	9.9809
1712	9.9964
1713	9.9989
1714	9.9956
1715	9.985
1716	9.9987
1717	10.0045
1718	9.9952
1719	9.988
1720	9.9913
1721	10.006
1722	10.0028
1723	9.9911
1724	9.987
1725	9.9934
1726	10.0067
1727	10.0056
1728	9.9879
1729	9.995
1730	9.9895
1731	10.0003
1732	9.9935
1733	9.9936
1734	10.0047
1735	10.0094
1736	9.9917
1737	9.9918
1738	9.9987
1739	10.0096
1740	10.0019
1741	9.99
1742	10.0017
1743	10
1744	9.9945
1745	10.001
1746	10.0023
1747	10.0052
1748	10.0003
1749	9.9921
1750	10.0093
1751	10.01
1752	10.0094
1753	9.9973
1754	9.996
1755	10.0074
1756	10.0087
1757	9.9982
1758	10.0057
1759	10.0031
1760	10.0142
1761	10.0014
1762	10.006
1763	10.0076
1764	10.0121
1765	10.0088
1766	9.9976
1767	10.006
1768	10.0128
1769	10.0126
1770	10.001
1771	10.0102
1772	10.0107
1773	10.0134
1774	9.9999
1775	10.0088
1776	10.025
1777	10.0134
1778	9.9995
1779	10.0076
1780	10.014
1781	10.0177
1782	10.0094
1783	10.0055
1784	10.0124
1785	10.0146
1786	10.014
1787	10.0093
1788	10.0089
1789	10.0135
1790	10.011
1791	10.0099
1792	10.0066
1793	10.015
1794	10.0147
1795	10.0175
1796	10.0057
1797	10.0083
1798	10.0179
1799	10.0123
1800	10.0092
1801	10.0048
1802	10.0211
1803	10.0171
1804	10.0102
1805	10.0058
1806	10.0081
1807	10.0184
1808	10.0206
1809	10.0041
1810	10.0103
1811	10.0172
1812	10.0171
1813	10.0121
1814	10.0093
1815	10.0181
1816	10.0363
1817	10.0162
1818	10.0067
1819	10.0123
1820	10.0214
1821	10.0272
1822	10.0138
1823	10.0174
1824	10.0256
1825	10.0226
1826	10.0108
1827	10.0092
1828	10.024
1829	10.029
1830	10.0089
1831	10.0141
1832	10.0217
1833	10.0327
1834	10.0172
1835	10.0138
1836	10.015
1837	10.0304
1838	10.0304
1839	10.0191
1840	10.0153
1841	10.0199
1842	10.023
1843	10.0184
1844	10.0129
1845	10.0246
1846	10.0295
1847	10.0158
1848	10.0132
1849	10.0149
1850	10.0314
1851	10.0259
1852	10.0143
1853	10.0208
1854	10.0231
1855	10.0292
1856	10.0288
1857	10.0065
1858	10.0197
1859	10.0273
1860	10.0276
1861	10.0224
1862	10.02
1863	10.0267
1864	10.0257
1865	10.0264
1866	10.0264
1867	10.0343
1868	10.0349
1869	10.0259
1870	10.0248
1871	10.0336
1872	10.0295
1873	10.0265
1874	10.0239
1875	10.0326
1876	10.0357
1877	10.0257
1878	10.0159
1879	10.0307
1880	10.0396
1881	10.0379
1882	10.0211
1883	10.0196
1884	10.029
1885	10.0336
1886	10.0318
1887	10.0285
1888	10.0235
1889	10.0377
1890	10.0261
1891	10.0285
1892	10.0226
1893	10.0355
1894	10.0292
1895	10.0333
1896	10.0282
1897	10.0364
1898	10.0417
1899	10.0347
1900	10.031
1901	10.0273
1902	10.0351
1903	10.0455
1904	10.0291
1905	10.0278
1906	10.0329
1907	10.0426
1908	10.0453
1909	10.0256
1910	10.0277
1911	10.0363
1912	10.0504
1913	10.0269
1914	10.0356
1915	10.0391
1916	10.045
1917	10.029
1918	10.0294
1919	10.0236
1920	10.0409
1921	10.0422
1922	10.0327
1923	10.0317
1924	10.043
1925	10.0422
1926	10.0387
1927	10.0291
1928	10.0334
1929	10.0463
1930	10.0367
1931	10.0305
1932	10.0395
1933	10.0447
1934	10.0422
1935	10.0294
1936	10.0366
1937	10.0463
1938	10.0426
1939	10.0369
1940	10.0278
1941	10.0434
1942	10.0544
1943	10.0297
1944	10.0359
1945	10.0368
1946	10.0509
1947	10.0382
1948	10.0375
1949	10.0382
1950	10.0516
1951	10.0424
1952	10.0343
1953	10.0459
1954	10.0518
1955	10.0473
1956	10.0451
1957	10.0399
1958	10.0429
1959	10.0512
1960	10.0408
1961	10.0385
1962	10.0473
1963	10.0503
1964	10.0371
1965	10.0311
1966	10.041
1967	10.0512
1968	10.0468
1969	10.036
1970	10.0451
1971	10.0576
1972	10.0451
1973	10.0425
1974	10.0447
1975	10.0546
1976	10.0584
1977	10.0408
1978	10.0384
1979	10.0454
1980	10.0547
1981	10.05
1982	10.0345
1983	10.0407
1984	10.0547
1985	10.0624
1986	10.0466
1987	10.046
1988	10.0492
1989	10.0638
1990	10.0464
1991	10.0456
1992	10.0413
1993	10.056
1994	10.057
1995	10.0394
1996	10.0411
1997	10.0489
1998	10.0569
1999	10.0534
2000	10.0402
2001	10.0479
2002	10.054
2003	10.0552
2004	10.0586
2005	10.0415
2006	10.0488
2007	10.0686
2008	10.053
2009	10.0436
2010	10.0336
2011	10.0498
2012	10.0642
2013	10.0523
2014	10.0364
2015	10.0457
2016	10.0481
2017	10.0587
2018	10.0545
2019	10.0446
2020	10.0561
2021	10.0528
2022	10.0557
2023	10.0449
2024	10.0513
2025	10.0616
2026	10.057
2027	10.0441
2028	10.044
2029	10.0654
2030	10.0595
2031	10.0491
2032	10.0498
2033	10.0536
2034	10.0579
2035	10.0576
2036	10.0475
2037	10.0517
2038	10.0623
2039	10.0614
2040	10.047
2041	10.0455
2042	10.0561
2043	10.059
2044	10.0651
2045	10.0471
2046	10.0529
2047	10.0646
2048	10.0588
2049	10.0599
2050	10.0468
2051	10.0679
2052	10.067
2053	10.0547
2054	10.0485
2055	10.0592
2056	10.0784
2057	10.0646
2058	10.0552
2059	10.0592
2060	10.0708
2061	10.0643
2062	10.0514
2063	10.05
2064	10.0658
2065	10.0624
2066	10.0556
2067	10.051
2068	10.0488
2069	10.0697
2070	10.0726
2071	10.0646
2072	10.0595
2073	10.0608
2074	10.069
2075	10.0612
2076	10.053
2077	10.0557
2078	10.0678
2079	10.0723
2080	10.0541
2081	10.0521
2082	10.072
2083	10.0735
2084	10.0654
2085	10.0564
2086	10.0606
2087	10.0695
2088	10.0739
2089	10.055
2090	10.0608
2091	10.0597
2092	10.0788
2093	10.0522
2094	10.0538
2095	10.0749
2096	10.0752
2097	10.0698
