0	0
1	0
2	-0.0005
3	-0.002
4	-0.0006
5	-0.0021
6	-0.0026
7	-0.0035
8	-0.0022
9	-0.004
10	-0.0033
11	-0.0036
12	-0.0039
13	-0.0025
14	-0.0028
15	-0.0015
16	0.0002
17	0
18	0.0012
19	0.0029
20	0.0043
21	0.0057
22	0.008
23	0.0104
24	0.0113
25	0.0147
26	0.0181
27	0.0197
28	0.023
29	0.0262
30	0.03
31	0.0324
32	0.0368
33	0.0404
34	0.0441
35	0.0479
36	0.0525
37	0.0572
38	0.0603
39	0.0649
40	0.0703
41	0.0746
42	0.079
43	0.0842
44	0.0886
45	0.0948
46	0.0999
47	0.1062
48	0.111
49	0.1164
50	0.1222
51	0.1266
52	0.1337
53	0.1393
54	0.1451
55	0.1514
56	0.1578
57	0.1632
58	0.1693
59	0.1753
60	0.1826
61	0.1883
62	0.1936
63	0.2013
64	0.2084
65	0.215
66	0.2203
67	0.228
68	0.2338
69	0.2412
70	0.2482
71	0.2552
72	0.2612
73	0.2682
74	0.2753
75	0.2821
76	0.2884
77	0.2965
78	0.3031
79	0.3096
80	0.3175
81	0.3237
82	0.3308
83	0.3382
84	0.3444
85	0.3521
86	0.3594
87	0.366
88	0.3743
89	0.3801
90	0.3879
91	0.3947
92	0.402
93	0.4085
94	0.4162
95	0.4235
96	0.4301
97	0.4379
98	0.4449
99	0.4523
100	0.4591
101	0.4664
102	0.4745
103	0.4818
104	0.4879
105	0.4949
106	0.503
107	0.5103
108	0.5179
109	0.5243
110	0.5302
111	0.5383
112	0.545
113	0.5522
114	0.5589
115	0.5659
116	0.5748
117	0.5807
118	0.588
119	0.5958
120	0.6023
121	0.6097
122	0.616
123	0.6239
124	0.6297
125	0.6377
126	0.6437
127	0.6513
128	0.6583
129	0.6657
130	0.6719
131	0.6786
132	0.6857
133	0.693
134	0.699
135	0.7067
136	0.7128
137	0.7202
138	0.7262
139	0.7342
140	0.7399
141	0.747
142	0.7533
143	0.7594
144	0.7667
145	0.7739
146	0.7806
147	0.7861
148	0.7926
149	0.8003
150	0.8059
151	0.8137
152	0.8193
153	0.8262
154	0.8323
155	0.8396
156	0.8454
157	0.8522
158	0.8581
159	0.8644
160	0.8713
161	0.8771
162	0.8836
163	0.8896
164	0.8972
165	0.9023
166	0.9083
167	0.9152
168	0.9203
169	0.9276
170	0.9324
171	0.9401
172	0.9451
173	0.9518
174	0.9562
175	0.9633
176	0.97
177	0.9761
178	0.9812
179	0.9872
180	0.9934
181	0.9982
182	1.0047
183	1.0119
184	1.0163
185	1.0224
186	1.0291
187	1.0339
188	1.04
189	1.0463
190	1.051
191	1.0568
192	1.0626
193	1.0676
194	1.0735
195	1.0783
196	1.0841
197	1.0896
198	1.0949
199	1.1011
200	1.1056
201	1.1122
202	1.1173
203	1.1227
204	1.1282
205	1.1331
206	1.1398
207	1.1439
208	1.1497
209	1.1546
210	1.1607
211	1.1648
212	1.1708
213	1.1753
214	1.1806
215	1.1863
216	1.1908
217	1.1963
218	1.2011
219	1.2057
220	1.2114
221	1.2164
222	1.2205
223	1.2256
224	1.2312
225	1.2351
226	1.2412
227	1.2453
228	1.2514
229	1.2546
230	1.2608
231	1.2646
232	1.2698
233	1.2743
234	1.28
235	1.2842
236	1.2899
237	1.2942
238	1.2978
239	1.3023
240	1.3082
241	1.3122
242	1.3169
243	1.3213
244	1.3258
245	1.3302
246	1.3345
247	1.3394
248	1.3442
249	1.3482
250	1.3525
251	1.357
252	1.3612
253	1.3667
254	1.37
255	1.3741
256	1.3785
257	1.3823
258	1.3872
259	1.392
260	1.3954
261	1.4007
262	1.4043
263	1.4082
264	1.4125
265	1.4167
266	1.42
267	1.4244
268	1.4286
269	1.4333
270	1.4375
271	1.442
272	1.4449
273	1.4495
274	1.453
275	1.457
276	1.4614
277	1.4651
278	1.4693
279	1.4722
280	1.4774
281	1.4804
282	1.4845
283	1.4884
284	1.4909
285	1.4958
286	1.4997
287	1.5027
288	1.5067
289	1.5106
290	1.5144
291	1.5187
292	1.5218
293	1.526
294	1.5289
295	1.5332
296	1.536
297	1.5411
298	1.5432
299	1.5475
300	1.5514
301	1.5544
302	1.5573
303	1.5607
304	1.5637
305	1.5663
306	1.5709
307	1.5747
308	1.5792
309	1.5807
310	1.5848
311	1.5882
312	1.5919
313	1.5951
314	1.5981
315	1.6016
316	1.6054
317	1.6084
318	1.6109
319	1.6141
320	1.6173
321	1.6208
322	1.6242
323	1.6273
324	1.6309
325	1.6346
326	1.6365
327	1.6398
328	1.6434
329	1.6473
330	1.65
331	1.6524
332	1.6553
333	1.6589
334	1.6614
335	1.6647
336	1.6681
337	1.6702
338	1.6741
339	1.6758
340	1.6791
341	1.6826
342	1.6856
343	1.6883
344	1.692
345	1.6936
346	1.6964
347	1.6993
348	1.7023
349	1.7066
350	1.7092
351	1.7114
352	1.7141
353	1.7173
354	1.7206
355	1.7225
356	1.7252
357	1.728
358	1.7311
359	1.7337
360	1.7367
361	1.7382
362	1.7409
363	1.7437
364	1.747
365	1.7494
366	1.7528
367	1.7552
368	1.7568
369	1.761
370	1.7621
371	1.7645
372	1.7685
373	1.771
374	1.7733
375	1.7762
376	1.7783
377	1.78
378	1.7831
379	1.7851
380	1.7875
381	1.7906
382	1.7927
383	1.7949
384	1.7977
385	1.8006
386	1.8031
387	1.8045
388	1.8073
389	1.8103
390	1.8118
391	1.8146
392	1.8174
393	1.8192
394	1.8213
395	1.8239
396	1.8265
397	1.8277
398	1.8311
399	1.8327
400	1.8351
401	1.8377
402	1.8392
403	1.8425
404	1.8437
405	1.8456
406	1.8482
407	1.8503
408	1.852
409	1.8552
410	1.8578
411	1.8599
412	1.8618
413	1.8641
414	1.8651
415	1.8688
416	1.8701
417	1.8715
418	1.8744
419	1.8773
420	1.8783
421	1.8808
422	1.8835
423	1.8849
424	1.8867
425	1.8886
426	1.8908
427	1.8935
428	1.8945
429	1.8977
430	1.8997
431	1.9008
432	1.904
433	1.9053
434	1.9067
435	1.9088
436	1.9107
437	1.9132
438	1.9151
439	1.9165
440	1.9178
441	1.9211
442	1.9226
443	1.9252
444	1.9263
445	1.9285
446	1.9308
447	1.9317
448	1.9334
449	1.9354
450	1.9371
451	1.9388
452	1.9412
453	1.9439
454	1.9457
455	1.9457
456	1.9487
457	1.9508
458	1.9523
459	1.9543
460	1.9557
461	1.9566
462	1.9585
463	1.9608
464	1.9621
465	1.9642
466	1.967
467	1.9683
468	1.9697
469	1.9718
470	1.9731
471	1.9757
472	1.9766
473	1.9787
474	1.9804
475	1.9819
476	1.9833
477	1.9852
478	1.9866
479	1.9885
480	1.9885
481	1.9912
482	1.9927
483	1.9935
484	1.9965
485	1.9962
486	1.9981
487	1.9995
488	2.0011
489	2.0039
490	2.0048
491	2.0075
492	2.0082
493	2.0095
494	2.0122
495	2.013
496	2.0145
497	2.0157
498	2.018
499	2.0184
500	2.0207
501	2.0226
502	2.0235
503	2.0247
504	2.0273
505	2.0287
506	2.0297
507	2.0309
508	2.0332
509	2.0335
510	2.0356
511	2.037
512	2.0384
513	2.039
514	2.0413
515	2.0428
516	2.0435
517	2.0455
518	2.0465
519	2.0485
520	2.0481
521	2.0506
522	2.0531
523	2.0534
524	2.0555
525	2.0558
526	2.0579
527	2.0595
528	2.0609
529	2.0621
530	2.0634
531	2.0646
532	2.0657
533	2.0676
534	2.0687
535	2.0703
536	2.0717
537	2.0716
538	2.0737
539	2.0746
540	2.0766
541	2.0781
542	2.0785
543	2.0799
544	2.0807
545	2.0821
546	2.084
547	2.0852
548	2.0871
549	2.0875
550	2.0888
551	2.0902
552	2.091
553	2.0931
554	2.0941
555	2.0952
556	2.0957
557	2.0974
558	2.0985
559	2.1
560	2.1014
561	2.1027
562	2.1033
563	2.1053
564	2.106
565	2.1072
566	2.1093
567	2.1096
568	2.1111
569	2.1119
570	2.1136
571	2.1137
572	2.1158
573	2.1164
574	2.1176
575	2.1185
576	2.1193
577	2.1209
578	2.1215
579	2.1232
580	2.1243
581	2.1248
582	2.1269
583	2.1262
584	2.1284
585	2.1304
586	2.1313
587	2.132
588	2.1331
589	2.1342
590	2.1359
591	2.1359
592	2.1367
593	2.1382
594	2.1396
595	2.1406
596	2.1418
597	2.1427
598	2.1445
599	2.1455
600	2.1459
601	2.1473
602	2.1486
603	2.1491
604	2.151
605	2.1506
606	2.1531
607	2.1534
608	2.154
609	2.1561
610	2.1567
611	2.1583
612	2.1586
613	2.1594
614	2.1607
615	2.1613
616	2.1619
617	2.1643
618	2.1649
619	2.166
620	2.1666
621	2.1679
622	2.1692
623	2.1698
624	2.1707
625	2.1712
626	2.1723
627	2.1743
628	2.1742
629	2.1754
630	2.1762
631	2.1766
632	2.1784
633	2.1778
634	2.1811
635	2.1811
636	2.1823
637	2.1829
638	2.1835
639	2.1848
640	2.1862
641	2.1868
642	2.1881
643	2.1879
644	2.1894
645	2.1912
646	2.1917
647	2.1927
648	2.1925
649	2.1934
650	2.1945
651	2.197
652	2.197
653	2.1979
654	2.1993
655	2.2005
656	2.2008
657	2.2009
658	2.2028
659	2.2033
660	2.2048
661	2.2047
662	2.2059
663	2.2065
664	2.2073
665	2.2086
666	2.2096
667	2.21
668	2.2106
669	2.2121
670	2.2132
671	2.2134
672	2.2148
673	2.2154
674	2.2161
675	2.216
676	2.218
677	2.2175
678	2.219
679	2.22
680	2.2209
681	2.221
682	2.2228
683	2.2231
684	2.2239
685	2.2243
686	2.2257
687	2.2269
688	2.227
689	2.2281
690	2.2281
691	2.2294
692	2.2302
693	2.2314
694	2.2324
695	2.2334
696	2.2338
697	2.2355
698	2.2355
699	2.2364
700	2.2367
701	2.2381
702	2.2384
703	2.2391
704	2.2409
705	2.241
706	2.2415
707	2.2417
708	2.243
709	2.2433
710	2.2453
711	2.2451
712	2.2459
713	2.2468
714	2.2486
715	2.2492
716	2.2491
717	2.2504
718	2.2512
719	2.252
720	2.2518
721	2.2542
722	2.2542
723	2.2548
724	2.2541
725	2.2555
726	2.2556
727	2.2579
728	2.2578
729	2.2588
730	2.2601
731	2.2601
732	2.2599
733	2.2615
734	2.2622
735	2.2638
736	2.2638
737	2.2652
738	2.2649
739	2.2656
740	2.267
741	2.2672
742	2.2684
743	2.2682
744	2.2697
745	2.2692
746	2.271
747	2.2714
748	2.2724
749	2.2727
750	2.2735
751	2.2746
752	2.2753
753	2.2756
754	2.2763
755	2.2765
756	2.2783
757	2.2777
758	2.2787
759	2.2797
760	2.2804
761	2.2815
762	2.2816
763	2.283
764	2.2824
765	2.2837
766	2.2844
767	2.2848
768	2.2847
769	2.2866
770	2.2868
771	2.2886
772	2.2882
773	2.2895
774	2.2899
775	2.2905
776	2.291
777	2.2908
778	2.2929
779	2.2931
780	2.2944
781	2.2946
782	2.2952
783	2.2958
784	2.2965
785	2.2975
786	2.2977
787	2.2979
788	2.2981
789	2.3
790	2.2996
791	2.3011
792	2.3018
793	2.3015
794	2.3017
795	2.3029
796	2.3026
797	2.304
798	2.3052
799	2.306
800	2.3051
801	2.3078
802	2.3078
803	2.3086
804	2.308
805	2.3087
806	2.3091
807	2.3112
808	2.3115
809	2.3118
810	2.313
811	2.3128
812	2.3131
813	2.314
814	2.3141
815	2.3151
816	2.3156
817	2.3164
818	2.3186
819	2.3174
820	2.318
821	2.3192
822	2.3191
823	2.3195
824	2.3206
825	2.3215
826	2.3221
827	2.3233
828	2.3225
829	2.3236
830	2.3228
831	2.3243
832	2.3252
833	2.3263
834	2.3261
835	2.3264
836	2.3274
837	2.3283
838	2.3287
839	2.329
840	2.33
841	2.3307
842	2.3314
843	2.3316
844	2.3317
845	2.3321
846	2.3325
847	2.3328
848	2.3332
849	2.3343
850	2.3357
851	2.3363
852	2.3366
853	2.3367
854	2.3367
855	2.3383
856	2.3385
857	2.339
858	2.3397
859	2.3413
860	2.3411
861	2.3414
862	2.3416
863	2.3424
864	2.3425
865	2.3439
866	2.3453
867	2.3454
868	2.3448
869	2.3449
870	2.3461
871	2.3457
872	2.3468
873	2.3468
874	2.3481
875	2.3484
876	2.35
877	2.3493
878	2.3494
879	2.3514
880	2.3511
881	2.3515
882	2.3526
883	2.3529
884	2.3534
885	2.3538
886	2.3542
887	2.3549
888	2.356
889	2.356
890	2.3556
891	2.3568
892	2.3571
893	2.3586
894	2.3575
895	2.3582
896	2.3597
897	2.3598
898	2.3602
899	2.3612
900	2.3611
901	2.3622
902	2.3622
903	2.3627
904	2.3633
905	2.3641
906	2.3642
907	2.3651
908	2.365
909	2.3663
910	2.3664
911	2.3681
912	2.3669
913	2.3685
914	2.3675
915	2.3702
916	2.3694
917	2.37
918	2.3698
919	2.3709
920	2.3714
921	2.3722
922	2.372
923	2.372
924	2.3728
925	2.3747
926	2.3731
927	2.3755
928	2.3754
929	2.3752
930	2.3762
931	2.3768
932	2.3773
933	2.3769
934	2.3773
935	2.3785
936	2.3792
937	2.3789
938	2.3789
939	2.3803
940	2.3806
941	2.3809
942	2.3814
943	2.3817
944	2.3826
945	2.3823
946	2.3836
947	2.3837
948	2.3844
949	2.3847
950	2.3842
951	2.3849
952	2.3864
953	2.3864
954	2.3879
955	2.3882
956	2.3873
957	2.3879
958	2.3891
959	2.3883
960	2.3895
961	2.3897
962	2.3902
963	2.3913
964	2.3905
965	2.3913
966	2.3919
967	2.3926
968	2.3933
969	2.3938
970	2.3937
971	2.395
972	2.3945
973	2.3954
974	2.3946
975	2.3964
976	2.3973
977	2.3973
978	2.3972
979	2.3974
980	2.3997
981	2.3988
982	2.3989
983	2.399
984	2.3996
985	2.4004
986	2.4006
987	2.4018
988	2.4014
989	2.4016
990	2.4028
991	2.4032
992	2.4039
993	2.4032
994	2.4052
995	2.4045
996	2.4056
997	2.4054
998	2.4056
999	2.407
1000	2.4071
1001	2.4074
1002	2.4075
1003	2.407
1004	2.4083
1005	2.4086
1006	2.4092
1007	2.4094
1008	2.4105
1009	2.4099
1010	2.4108
1011	2.4132
1012	2.4121
1013	2.4137
1014	2.413
1015	2.4134
1016	2.414
1017	2.4134
1018	2.4138
1019	2.415
1020	2.416
1021	2.416
1022	2.4157
1023	2.4164
1024	2.4166
1025	2.4167
1026	2.4173
1027	2.4174
1028	2.4176
1029	2.4189
1030	2.4193
1031	2.4198
1032	2.4196
1033	2.4201
1034	2.4202
1035	2.421
1036	2.4216
1037	2.4222
1038	2.4225
1039	2.4226
1040	2.4229
1041	2.423
1042	2.4241
1043	2.4241
1044	2.4249
1045	2.4251
1046	2.4257
1047	2.4264
1048	2.426
1049	2.427
1050	2.4277
1051	2.4268
1052	2.4271
1053	2.4283
1054	2.4277
1055	2.4288
1056	2.4301
1057	2.4285
1058	2.4301
1059	2.4313
1060	2.4306
1061	2.4307
1062	2.4314
1063	2.4311
1064	2.4316
1065	2.4327
1066	2.4329
1067	2.4344
1068	2.4339
1069	2.4341
1070	2.4352
1071	2.4353
1072	2.435
1073	2.4352
1074	2.4361
1075	2.436
1076	2.4372
1077	2.4372
1078	2.4372
1079	2.4374
1080	2.438
1081	2.4396
1082	2.4389
1083	2.4395
1084	2.4389
1085	2.4404
1086	2.4395
1087	2.4403
1088	2.4414
1089	2.4416
1090	2.4415
1091	2.4429
1092	2.4426
1093	2.4423
1094	2.4432
1095	2.4431
1096	2.4436
1097	2.4449
1098	2.4452
1099	2.4452
1100	2.446
1101	2.4458
1102	2.4462
1103	2.4465
1104	2.4467
1105	2.4479
1106	2.4481
1107	2.4485
1108	2.4486
1109	2.4477
1110	2.4487
1111	2.449
1112	2.4497
1113	2.4498
1114	2.4506
1115	2.4508
1116	2.4507
1117	2.4509
1118	2.4524
1119	2.4513
1120	2.4525
1121	2.454
1122	2.4538
1123	2.4533
1124	2.4542
1125	2.4546
1126	2.4541
1127	2.4552
1128	2.455
1129	2.4551
1130	2.4565
1131	2.4567
1132	2.4561
1133	2.4564
1134	2.4571
1135	2.4576
1136	2.4571
1137	2.4578
1138	2.459
1139	2.4598
1140	2.4591
1141	2.4599
1142	2.4605
1143	2.4598
1144	2.4603
1145	2.4601
1146	2.461
1147	2.4615
1148	2.4621
1149	2.4622
1150	2.4625
1151	2.462
1152	2.4639
1153	2.4637
1154	2.4646
1155	2.4638
1156	2.466
1157	2.4652
1158	2.4657
1159	2.4663
1160	2.466
1161	2.4663
1162	2.4669
1163	2.4672
1164	2.4671
1165	2.4678
1166	2.4671
1167	2.4695
1168	2.4694
1169	2.4686
1170	2.4697
1171	2.4706
1172	2.4704
1173	2.4709
1174	2.4708
1175	2.4712
1176	2.4711
1177	2.4724
1178	2.4721
1179	2.473
1180	2.4735
1181	2.4733
1182	2.4735
1183	2.4743
1184	2.4742
1185	2.4742
1186	2.4748
1187	2.4743
1188	2.4765
1189	2.4758
1190	2.4754
1191	2.4771
1192	2.4769
1193	2.4772
1194	2.4769
1195	2.4785
1196	2.4782
1197	2.4787
1198	2.478
1199	2.478
1200	2.4788
1201	2.4797
1202	2.4791
1203	2.4806
1204	2.4811
1205	2.4806
1206	2.4809
1207	2.4811
1208	2.4824
1209	2.4825
1210	2.4826
1211	2.4828
1212	2.4835
1213	2.4847
1214	2.4833
1215	2.4838
1216	2.4838
1217	2.4843
1218	2.4844
1219	2.4851
1220	2.4857
1221	2.4861
1222	2.4863
1223	2.4863
1224	2.4873
1225	2.4866
1226	2.4878
1227	2.487
1228	2.488
1229	2.4873
1230	2.4882
1231	2.4884
1232	2.4889
1233	2.4898
1234	2.4904
1235	2.4909
1236	2.4907
1237	2.4897
1238	2.4908
1239	2.4922
1240	2.4921
1241	2.4915
1242	2.4924
1243	2.4929
1244	2.4941
1245	2.4935
1246	2.4941
1247	2.4948
1248	2.4943
1249	2.4948
1250	2.4956
1251	2.4953
1252	2.4958
1253	2.4955
1254	2.4964
1255	2.496
1256	2.4972
1257	2.497
1258	2.4978
1259	2.4977
1260	2.4974
1261	2.4978
1262	2.4982
1263	2.4984
1264	2.499
1265	2.4993
1266	2.4985
1267	2.4992
1268	2.4993
1269	2.4998
1270	2.5013
1271	2.5005
1272	2.5016
1273	2.5009
1274	2.5032
1275	2.502
1276	2.5021
1277	2.5027
1278	2.5033
1279	2.5043
1280	2.5041
1281	2.5042
1282	2.5039
1283	2.5046
1284	2.5043
1285	2.505
1286	2.5044
1287	2.5049
1288	2.5058
1289	2.5058
1290	2.5056
1291	2.5059
1292	2.5065
1293	2.5071
1294	2.5082
1295	2.5077
1296	2.5084
1297	2.5084
1298	2.509
1299	2.5094
1300	2.5084
1301	2.5098
1302	2.5107
1303	2.5105
1304	2.5112
1305	2.5104
1306	2.5119
1307	2.5121
1308	2.5117
1309	2.5116
1310	2.5135
1311	2.5139
1312	2.5128
1313	2.5138
1314	2.5149
1315	2.5136
1316	2.5139
1317	2.5145
1318	2.5152
1319	2.5151
1320	2.5161
1321	2.5153
1322	2.5159
1323	2.5163
1324	2.5162
1325	2.5157
1326	2.518
1327	2.5176
1328	2.5166
1329	2.5174
1330	2.5175
1331	2.5185
1332	2.5196
1333	2.5196
1334	2.5201
1335	2.5189
1336	2.5197
1337	2.5207
1338	2.5196
1339	2.5201
1340	2.5215
1341	2.5221
1342	2.5209
1343	2.5212
1344	2.5223
1345	2.5223
1346	2.5226
1347	2.5228
1348	2.5227
1349	2.5238
1350	2.5249
1351	2.5254
1352	2.5241
1353	2.5259
1354	2.5262
1355	2.5247
1356	2.5261
1357	2.526
1358	2.5273
1359	2.527
1360	2.5258
1361	2.5272
1362	2.5276
1363	2.5272
1364	2.5278
1365	2.5282
1366	2.5291
1367	2.5284
1368	2.5287
1369	2.5303
1370	2.529
1371	2.5299
1372	2.5308
1373	2.5298
1374	2.531
1375	2.5311
1376	2.5309
1377	2.5312
1378	2.5321
1379	2.5318
1380	2.5342
1381	2.5332
1382	2.5332
1383	2.5338
1384	2.5329
1385	2.5347
1386	2.5349
1387	2.5347
1388	2.5349
1389	2.5349
1390	2.5355
1391	2.5356
1392	2.536
1393	2.5358
1394	2.5357
1395	2.5361
1396	2.5365
1397	2.5366
1398	2.5372
1399	2.5369
1400	2.5375
1401	2.5386
1402	2.5389
1403	2.5385
1404	2.5384
1405	2.5386
1406	2.5393
1407	2.5385
1408	2.5399
1409	2.5399
1410	2.5407
1411	2.5402
1412	2.5409
1413	2.5413
1414	2.542
1415	2.5421
1416	2.5424
1417	2.5425
1418	2.5422
1419	2.5429
1420	2.5436
1421	2.5434
1422	2.544
1423	2.5431
1424	2.5442
1425	2.5437
1426	2.5449
1427	2.5451
1428	2.5446
1429	2.5455
1430	2.5471
1431	2.5462
1432	2.5467
1433	2.5465
1434	2.5465
1435	2.5472
1436	2.5467
1437	2.5475
1438	2.5472
1439	2.5481
1440	2.5486
1441	2.5481
1442	2.5489
1443	2.5494
1444	2.5488
1445	2.5496
1446	2.5497
1447	2.5506
1448	2.5504
1449	2.5512
1450	2.5505
1451	2.551
1452	2.5515
1453	2.5521
1454	2.5516
1455	2.5519
1456	2.5521
1457	2.5534
1458	2.5536
1459	2.5538
1460	2.5539
1461	2.554
1462	2.5544
1463	2.5546
1464	2.5549
1465	2.5551
1466	2.5543
1467	2.5557
1468	2.5551
1469	2.5563
1470	2.5563
1471	2.5568
1472	2.5565
1473	2.5568
1474	2.5572
1475	2.5572
1476	2.5572
1477	2.5588
1478	2.5583
1479	2.5583
1480	2.5584
1481	2.5592
1482	2.5595
1483	2.5594
1484	2.5603
1485	2.5606
1486	2.5605
1487	2.5612
1488	2.5614
1489	2.5607
1490	2.5607
1491	2.561
1492	2.5616
1493	2.5627
1494	2.5616
1495	2.5626
1496	2.5622
1497	2.564
1498	2.5634
1499	2.563
1500	2.5629
1501	2.5634
1502	2.5641
1503	2.5647
1504	2.565
1505	2.5656
1506	2.5649
1507	2.5649
1508	2.5655
1509	2.5649
1510	2.5658
1511	2.5662
1512	2.5668
1513	2.5668
1514	2.567
1515	2.5673
1516	2.5676
1517	2.5674
1518	2.5685
1519	2.5684
1520	2.5675
1521	2.5682
1522	2.5685
1523	2.5691
1524	2.5688
1525	2.5699
1526	2.5707
1527	2.5694
1528	2.5707
1529	2.5709
1530	2.5708
1531	2.5715
1532	2.5708
1533	2.5713
1534	2.5717
1535	2.5725
1536	2.5724
1537	2.5734
1538	2.5729
1539	2.5719
1540	2.5723
1541	2.5735
1542	2.5735
1543	2.5734
1544	2.5744
1545	2.5749
1546	2.5745
1547	2.5754
1548	2.5757
1549	2.5751
1550	2.5763
1551	2.5752
1552	2.5766
1553	2.5762
1554	2.5765
1555	2.5769
1556	2.5761
1557	2.5775
1558	2.5766
1559	2.5775
1560	2.5777
1561	2.577
1562	2.5782
1563	2.5787
1564	2.5784
1565	2.5785
1566	2.5789
1567	2.5793
1568	2.5798
1569	2.5802
1570	2.5799
1571	2.5801
1572	2.5808
1573	2.5807
1574	2.5817
1575	2.5807
1576	2.5811
1577	2.582
1578	2.5817
1579	2.5822
1580	2.5828
1581	2.5821
1582	2.5833
1583	2.5835
1584	2.5831
1585	2.583
1586	2.5833
1587	2.5837
1588	2.5839
1589	2.5847
1590	2.5842
1591	2.5845
1592	2.5848
1593	2.5857
1594	2.5851
1595	2.5863
1596	2.5864
1597	2.5868
1598	2.587
1599	2.5866
1600	2.5878
1601	2.5873
1602	2.5868
1603	2.5873
1604	2.5873
1605	2.5885
1606	2.5877
1607	2.5879
1608	2.5892
1609	2.589
1610	2.5887
1611	2.5899
1612	2.5898
1613	2.5888
1614	2.5899
1615	2.5909
1616	2.5903
1617	2.5903
1618	2.5911
1619	2.5914
1620	2.5917
1621	2.5913
1622	2.5918
1623	2.5924
1624	2.5925
1625	2.5912
1626	2.5927
1627	2.5924
1628	2.5938
1629	2.5935
1630	2.5932
1631	2.5943
1632	2.594
1633	2.5942
1634	2.5947
1635	2.595
1636	2.595
1637	2.5946
1638	2.5945
1639	2.5959
1640	2.5953
1641	2.596
1642	2.5966
1643	2.5964
1644	2.5963
1645	2.5969
1646	2.5969
1647	2.5973
1648	2.5979
1649	2.598
1650	2.5978
1651	2.5971
1652	2.5976
1653	2.5987
1654	2.5986
1655	2.5983
1656	2.5988
1657	2.5987
1658	2.598
1659	2.5992
1660	2.5997
1661	2.5995
1662	2.6005
1663	2.6003
1664	2.6002
1665	2.6009
1666	2.6018
1667	2.6013
1668	2.6007
1669	2.6018
1670	2.6023
1671	2.6017
1672	2.6026
1673	2.6025
1674	2.6032
1675	2.6025
1676	2.6034
1677	2.6046
1678	2.6036
1679	2.6034
1680	2.6044
1681	2.6044
1682	2.6039
1683	2.6044
1684	2.6055
1685	2.6048
1686	2.6053
1687	2.6058
1688	2.6061
1689	2.6059
1690	2.6058
1691	2.6057
1692	2.6066
1693	2.6073
1694	2.6067
1695	2.6081
1696	2.6076
1697	2.6074
1698	2.6077
1699	2.608
1700	2.6079
1701	2.6084
1702	2.609
1703	2.6082
1704	2.6094
1705	2.6097
1706	2.6096
1707	2.6089
1708	2.6094
1709	2.6103
1710	2.6099
1711	2.6104
1712	2.6104
1713	2.61
1714	2.6109
1715	2.6119
1716	2.6105
1717	2.6113
1718	2.6117
1719	2.6118
1720	2.612
1721	2.6125
1722	2.6131
1723	2.6135
1724	2.6125
1725	2.6127
1726	2.614
1727	2.6136
1728	2.614
1729	2.6139
1730	2.6148
1731	2.6146
1732	2.6154
1733	2.6152
1734	2.615
1735	2.615
1736	2.6148
1737	2.6162
1738	2.6156
1739	2.6159
1740	2.6169
1741	2.6167
1742	2.6169
1743	2.6174
1744	2.6179
1745	2.6176
1746	2.6173
1747	2.6182
1748	2.6184
1749	2.619
1750	2.618
1751	2.619
1752	2.6189
1753	2.6187
1754	2.6194
1755	2.6193
1756	2.6194
1757	2.6196
1758	2.6189
1759	2.6203
1760	2.6204
1761	2.6209
1762	2.6207
1763	2.6204
1764	2.6204
1765	2.6218
1766	2.6214
1767	2.621
1768	2.6206
1769	2.6217
1770	2.6222
1771	2.6224
1772	2.6226
1773	2.6232
1774	2.6225
1775	2.6227
1776	2.6234
1777	2.6238
1778	2.6235
1779	2.624
1780	2.6235
1781	2.6243
1782	2.6248
1783	2.6248
1784	2.6249
1785	2.6252
1786	2.625
1787	2.6251
1788	2.6257
1789	2.6259
1790	2.6264
1791	2.6261
1792	2.6265
1793	2.6256
1794	2.6268
1795	2.6267
1796	2.6266
1797	2.6274
1798	2.6278
1799	2.6279
1800	2.6283
1801	2.6289
1802	2.6285
1803	2.6284
1804	2.6285
1805	2.6295
1806	2.6287
1807	2.6284
1808	2.6293
1809	2.6296
1810	2.6303
1811	2.6299
1812	2.6303
1813	2.6305
1814	2.6301
1815	2.6301
1816	2.6304
1817	2.6308
1818	2.631
1819	2.6313
1820	2.6318
1821	2.6316
1822	2.631
1823	2.6332
1824	2.6319
1825	2.6319
1826	2.6316
1827	2.6329
1828	2.6337
1829	2.6335
1830	2.6326
1831	2.6334
1832	2.6339
1833	2.6335
1834	2.6334
1835	2.6332
1836	2.6343
1837	2.634
1838	2.6343
1839	2.635
1840	2.6345
1841	2.6355
1842	2.6358
1843	2.636
1844	2.6358
1845	2.6363
1846	2.6363
1847	2.637
1848	2.6374
1849	2.6377
1850	2.6373
1851	2.6377
1852	2.6372
1853	2.6373
1854	2.6382
1855	2.6378
1856	2.6378
1857	2.6392
1858	2.6394
1859	2.6392
1860	2.6395
1861	2.6389
1862	2.6389
1863	2.6401
1864	2.6403
1865	2.6405
1866	2.6398
1867	2.6397
1868	2.6409
1869	2.6415
1870	2.6412
1871	2.6411
1872	2.6421
1873	2.6418
1874	2.6423
1875	2.6426
1876	2.6425
1877	2.6417
1878	2.6429
1879	2.6425
1880	2.643
1881	2.6436
1882	2.6439
1883	2.6434
1884	2.6434
1885	2.6441
1886	2.6441
1887	2.6448
1888	2.6441
1889	2.6436
1890	2.6455
1891	2.6455
1892	2.6449
1893	2.645
1894	2.6456
1895	2.6443
1896	2.6453
1897	2.6456
1898	2.6464
1899	2.6466
1900	2.6471
1901	2.6466
1902	2.6467
1903	2.6471
1904	2.6482
1905	2.6482
1906	2.6474
1907	2.6482
1908	2.6472
1909	2.6481
1910	2.6477
1911	2.6491
1912	2.6482
1913	2.649
1914	2.6494
1915	2.6496
1916	2.6491
1917	2.6499
1918	2.6496
1919	2.6501
1920	2.6498
1921	2.6507
1922	2.6513
1923	2.6511
1924	2.6514
1925	2.6512
1926	2.6511
1927	2.6514
1928	2.6516
1929	2.6529
1930	2.6522
1931	2.6522
1932	2.6524
1933	2.6519
1934	2.653
1935	2.6528
1936	2.6529
1937	2.6542
1938	2.6533
1939	2.6536
1940	2.655
1941	2.6537
1942	2.6547
1943	2.6544
1944	2.6549
1945	2.6547
1946	2.6551
1947	2.6553
1948	2.6551
1949	2.6556
1950	2.6555
1951	2.6561
1952	2.6559
1953	2.6571
1954	2.6555
1955	2.6567
1956	2.6557
1957	2.6568
1958	2.6571
1959	2.6576
1960	2.657
1961	2.658
1962	2.6579
1963	2.658
1964	2.658
1965	2.6591
1966	2.6592
1967	2.6582
1968	2.6583
1969	2.6589
1970	2.6586
1971	2.6586
1972	2.6595
1973	2.6598
1974	2.6599
1975	2.6603
1976	2.6595
1977	2.6603
1978	2.661
1979	2.6609
1980	2.6613
1981	2.6608
1982	2.6617
1983	2.6606
1984	2.6622
1985	2.6627
1986	2.6621
1987	2.6621
1988	2.6625
1989	2.6617
1990	2.6628
1991	2.6634
1992	2.663
1993	2.6632
1994	2.6638
1995	2.6629
1996	2.6638
1997	2.6643
1998	2.6642
1999	2.6638
2000	2.664
2001	2.6637
2002	2.6645
2003	2.6655
2004	2.6639
2005	2.6646
2006	2.6646
2007	2.6659
2008	2.6655
2009	2.6654
2010	2.6668
2011	2.6654
2012	2.6673
2013	2.6661
2014	2.6663
2015	2.6672
2016	2.6667
2017	2.6651
2018	2.6669
2019	2.6673
2020	2.6671
2021	2.6667
2022	2.6676
2023	2.667
2024	2.6672
2025	2.6676
2026	2.6682
2027	2.6687
2028	2.668
2029	2.6683
2030	2.6685
2031	2.6692
2032	2.6687
2033	2.6685
2034	2.6689
2035	2.6707
2036	2.6704
2037	2.6696
2038	2.67
2039	2.6704
2040	2.6701
2041	2.6706
2042	2.6712
2043	2.6708
2044	2.6713
2045	2.6714
2046	2.6714
2047	2.6715
2048	2.6722
2049	2.6713
2050	2.6721
2051	2.6728
2052	2.6723
2053	2.6724
2054	2.6726
2055	2.6717
2056	2.672
2057	2.6729
2058	2.6729
2059	2.6735
2060	2.6734
2061	2.674
2062	2.6735
2063	2.6734
2064	2.674
2065	2.6752
2066	2.6741
2067	2.6742
2068	2.6749
2069	2.675
2070	2.6747
2071	2.6742
2072	2.6737
2073	2.6755
2074	2.6761
2075	2.6757
2076	2.6764
2077	2.6758
2078	2.6759
2079	2.6758
2080	2.6771
2081	2.6762
2082	2.6768
2083	2.6771
2084	2.6774
2085	2.6773
2086	2.677
2087	2.6774
2088	2.6771
2089	2.6773
2090	2.6783
2091	2.6779
2092	2.6786
2093	2.678
2094	2.6783
2095	2.6788
2096	2.6786
2097	2.6788
2098	2.6792
2099	2.6787
2100	2.6791
2101	2.6795
2102	2.6791
2103	2.6795
2104	2.6795
2105	2.6801
2106	2.6798
2107	2.6796
2108	2.6809
2109	2.6806
2110	2.682
2111	2.6812
2112	2.6806
2113	2.6821
2114	2.6813
2115	2.681
2116	2.6814
2117	2.6813
2118	2.6814
2119	2.6819
2120	2.6814
2121	2.6822
2122	2.6826
2123	2.6821
2124	2.6829
2125	2.6827
2126	2.6827
2127	2.6827
2128	2.6827
2129	2.6828
2130	2.6841
2131	2.6839
2132	2.6842
2133	2.6847
2134	2.6851
2135	2.6845
2136	2.6832
2137	2.685
2138	2.6847
2139	2.6845
2140	2.6853
2141	2.6857
2142	2.6856
2143	2.6858
2144	2.6848
2145	2.6854
2146	2.6863
2147	2.6863
2148	2.6858
2149	2.6867
2150	2.6867
2151	2.6866
2152	2.687
2153	2.687
2154	2.6877
2155	2.6868
2156	2.6871
2157	2.6877
2158	2.6872
2159	2.6881
2160	2.6876
2161	2.6874
2162	2.6879
2163	2.6884
2164	2.6881
2165	2.6889
2166	2.6889
2167	2.6899
2168	2.6889
2169	2.6895
2170	2.6901
2171	2.6896
2172	2.6895
2173	2.6896
2174	2.6903
2175	2.6897
2176	2.6911
2177	2.6901
2178	2.6903
2179	2.69
2180	2.6907
2181	2.6902
2182	2.6918
2183	2.6926
2184	2.6915
2185	2.6916
2186	2.6916
2187	2.6917
2188	2.6912
2189	2.6919
2190	2.6921
2191	2.6932
2192	2.6929
2193	2.6928
2194	2.6936
2195	2.6931
2196	2.6926
2197	2.6923
2198	2.6933
2199	2.6941
2200	2.6936
2201	2.6941
2202	2.6938
2203	2.6939
2204	2.6946
2205	2.6955
2206	2.6947
2207	2.6941
2208	2.6936
2209	2.6948
2210	2.6951
2211	2.6958
2212	2.6957
2213	2.6958
2214	2.696
2215	2.6961
2216	2.6957
2217	2.6967
2218	2.6957
2219	2.6961
2220	2.6964
2221	2.6958
2222	2.6979
2223	2.6962
2224	2.6964
2225	2.6968
2226	2.6973
2227	2.6957
2228	2.6973
2229	2.6973
2230	2.6979
2231	2.6981
2232	2.6982
2233	2.698
2234	2.6984
2235	2.699
2236	2.6984
2237	2.6984
2238	2.6993
2239	2.6994
2240	2.6985
2241	2.6985
2242	2.6991
2243	2.7001
2244	2.6998
2245	2.7005
2246	2.7002
2247	2.7
2248	2.7
2249	2.701
2250	2.6997
2251	2.7007
2252	2.7017
2253	2.7004
2254	2.7012
2255	2.7019
2256	2.7011
2257	2.7006
2258	2.7015
2259	2.7013
2260	2.7015
2261	2.7015
2262	2.7026
2263	2.702
2264	2.7024
2265	2.7027
2266	2.7026
2267	2.7025
2268	2.7027
2269	2.7035
2270	2.7032
2271	2.7037
2272	2.7036
2273	2.7034
2274	2.7038
2275	2.7038
2276	2.7035
2277	2.7052
2278	2.7036
2279	2.7055
2280	2.7043
2281	2.7047
2282	2.704
2283	2.7049
2284	2.7044
2285	2.7056
2286	2.7058
2287	2.7059
2288	2.7061
2289	2.7051
2290	2.7063
2291	2.7066
2292	2.7066
2293	2.7072
2294	2.7057
2295	2.7067
2296	2.7066
2297	2.7062
2298	2.7074
2299	2.7072
2300	2.7068
2301	2.7073
2302	2.7072
2303	2.7077
2304	2.7081
2305	2.7081
2306	2.7089
2307	2.7086
2308	2.7079
2309	2.709
2310	2.7095
2311	2.709
2312	2.7091
2313	2.7098
2314	2.709
2315	2.7096
2316	2.7097
2317	2.7093
2318	2.7095
2319	2.7099
2320	2.711
2321	2.7103
2322	2.7104
2323	2.7114
2324	2.7105
2325	2.7125
2326	2.7115
2327	2.711
2328	2.7104
2329	2.7103
2330	2.7111
2331	2.712
2332	2.7118
2333	2.7118
2334	2.7127
2335	2.7117
2336	2.7128
2337	2.7119
2338	2.713
2339	2.7124
2340	2.7134
2341	2.7141
2342	2.7132
2343	2.7139
2344	2.7132
2345	2.7141
2346	2.7135
2347	2.7145
2348	2.7143
2349	2.7143
2350	2.7146
2351	2.7147
2352	2.7154
2353	2.7157
2354	2.7149
2355	2.7152
2356	2.7154
2357	2.7158
2358	2.7153
2359	2.716
2360	2.7161
2361	2.7163
2362	2.7167
2363	2.7169
2364	2.7165
2365	2.7172
2366	2.7167
2367	2.7172
2368	2.7168
2369	2.7174
2370	2.7176
2371	2.7179
2372	2.7174
2373	2.7176
2374	2.7181
2375	2.7182
2376	2.7178
2377	2.7186
2378	2.7186
2379	2.7184
2380	2.7192
2381	2.7187
2382	2.7195
2383	2.7195
2384	2.7192
2385	2.7188
2386	2.7193
2387	2.7197
2388	2.7202
2389	2.7206
2390	2.7199
2391	2.72
2392	2.7212
2393	2.7204
2394	2.7204
2395	2.7213
2396	2.7215
2397	2.7218
2398	2.721
2399	2.721
2400	2.7212
2401	2.7215
2402	2.722
2403	2.7226
2404	2.7225
2405	2.7225
2406	2.7227
2407	2.7229
2408	2.7227
2409	2.7225
2410	2.7232
2411	2.7226
2412	2.7235
2413	2.7242
2414	2.7242
2415	2.7236
2416	2.7247
2417	2.7238
2418	2.7242
2419	2.7243
2420	2.724
2421	2.7257
2422	2.7253
2423	2.7257
2424	2.7259
2425	2.7254
2426	2.726
2427	2.726
2428	2.726
2429	2.7262
2430	2.7265
2431	2.7263
2432	2.7264
2433	2.7263
2434	2.7267
2435	2.727
2436	2.7275
2437	2.7272
2438	2.7278
2439	2.7277
2440	2.7275
2441	2.7273
2442	2.7281
2443	2.729
2444	2.7289
2445	2.7288
2446	2.7278
2447	2.7275
2448	2.7292
2449	2.7286
2450	2.7291
2451	2.7287
2452	2.7297
2453	2.7292
2454	2.7288
2455	2.7294
2456	2.7292
2457	2.7297
2458	2.7294
2459	2.7305
2460	2.7302
2461	2.7297
2462	2.7309
2463	2.7304
2464	2.7311
2465	2.7308
2466	2.7315
2467	2.7313
2468	2.7312
2469	2.7315
2470	2.7317
2471	2.7321
2472	2.7312
2473	2.7319
2474	2.7319
2475	2.7319
2476	2.7325
2477	2.7326
2478	2.7322
2479	2.7334
2480	2.7328
2481	2.7341
2482	2.7339
2483	2.7334
2484	2.7333
2485	2.7337
2486	2.7346
2487	2.7339
2488	2.7341
2489	2.7344
2490	2.7344
2491	2.735
2492	2.7352
2493	2.7346
2494	2.7353
2495	2.7357
2496	2.7352
2497	2.7353
2498	2.7354
2499	2.7356
2500	2.7359
2501	2.7362
2502	2.7359
2503	2.7367
2504	2.7361
2505	2.7368
2506	2.7377
2507	2.7365
2508	2.7371
2509	2.7374
2510	2.7374
2511	2.7371
2512	2.7374
2513	2.738
2514	2.7379
2515	2.7377
2516	2.7387
2517	2.7391
2518	2.7383
2519	2.7395
2520	2.7384
2521	2.7392
2522	2.7385
2523	2.7393
2524	2.7383
2525	2.7403
2526	2.7396
2527	2.7399
2528	2.741
2529	2.7398
2530	2.7403
2531	2.7409
2532	2.7407
2533	2.7412
2534	2.7408
2535	2.7404
2536	2.741
2537	2.7421
2538	2.7416
2539	2.7407
2540	2.7416
2541	2.7417
2542	2.7422
2543	2.7415
2544	2.7414
2545	2.7424
2546	2.7432
2547	2.7429
2548	2.7431
2549	2.7433
2550	2.7426
2551	2.7432
2552	2.7432
2553	2.7426
2554	2.7433
2555	2.7428
2556	2.7442
2557	2.7436
2558	2.7442
2559	2.745
2560	2.7453
2561	2.7447
2562	2.745
2563	2.7449
2564	2.7453
2565	2.7451
2566	2.7462
2567	2.7453
2568	2.7453
2569	2.7455
2570	2.7456
2571	2.7465
2572	2.746
2573	2.746
2574	2.7469
2575	2.746
2576	2.7463
2577	2.7466
2578	2.7474
2579	2.7472
2580	2.748
2581	2.7479
2582	2.7467
2583	2.7477
2584	2.7468
2585	2.7464
2586	2.7473
2587	2.7487
2588	2.7484
2589	2.7487
2590	2.7484
2591	2.749
2592	2.7479
2593	2.7496
2594	2.749
2595	2.749
2596	2.7504
2597	2.7492
2598	2.7501
2599	2.7496
2600	2.7502
2601	2.75
2602	2.7496
2603	2.7507
2604	2.7507
2605	2.7507
2606	2.7506
2607	2.7509
2608	2.7509
2609	2.7514
2610	2.7511
2611	2.7522
2612	2.7514
2613	2.7516
2614	2.7522
2615	2.7517
2616	2.752
2617	2.7523
2618	2.7528
2619	2.753
2620	2.7534
2621	2.7532
2622	2.7533
2623	2.7537
2624	2.753
2625	2.7536
2626	2.7533
2627	2.7538
2628	2.7545
2629	2.7528
2630	2.7535
2631	2.7541
2632	2.7543
2633	2.7542
2634	2.7541
2635	2.7552
2636	2.7552
2637	2.755
2638	2.7557
2639	2.7551
2640	2.7557
2641	2.7547
2642	2.756
2643	2.755
2644	2.7566
2645	2.7554
2646	2.7565
2647	2.7565
2648	2.756
2649	2.757
2650	2.7565
2651	2.7566
2652	2.7568
2653	2.7571
2654	2.7569
2655	2.7572
2656	2.7581
2657	2.7578
2658	2.7586
2659	2.7575
2660	2.7577
2661	2.7588
2662	2.7584
2663	2.7579
2664	2.7589
2665	2.7591
2666	2.7591
2667	2.7592
2668	2.7592
2669	2.7589
2670	2.7602
2671	2.7611
2672	2.7608
2673	2.7598
2674	2.7601
2675	2.7603
2676	2.7591
2677	2.7608
2678	2.76
2679	2.7613
2680	2.761
2681	2.7611
2682	2.7603
2683	2.7611
2684	2.7615
2685	2.7616
2686	2.762
2687	2.7623
2688	2.7618
2689	2.762
2690	2.7621
2691	2.7623
2692	2.7624
2693	2.7625
2694	2.7629
2695	2.7633
2696	2.7629
2697	2.764
2698	2.7636
2699	2.7633
2700	2.7637
2701	2.7645
2702	2.7629
2703	2.765
2704	2.7641
2705	2.7645
2706	2.7648
2707	2.7644
2708	2.7649
2709	2.7661
2710	2.766
2711	2.7651
2712	2.7664
2713	2.7649
2714	2.766
2715	2.767
2716	2.7667
2717	2.7664
2718	2.7661
2719	2.7665
2720	2.7667
2721	2.7671
2722	2.7676
2723	2.7668
2724	2.7672
2725	2.7683
2726	2.7675
2727	2.7673
2728	2.7675
2729	2.7666
2730	2.7679
2731	2.7681
2732	2.7674
2733	2.7692
2734	2.7689
2735	2.7683
2736	2.7682
2737	2.7695
2738	2.7694
2739	2.7695
2740	2.7692
2741	2.769
2742	2.7688
2743	2.7695
2744	2.7705
2745	2.7706
2746	2.7693
2747	2.77
2748	2.7711
2749	2.7704
2750	2.771
2751	2.7708
2752	2.7707
2753	2.7705
2754	2.7706
2755	2.7713
2756	2.7725
2757	2.7714
2758	2.7719
2759	2.7722
2760	2.7725
2761	2.773
2762	2.7717
2763	2.7729
2764	2.7724
2765	2.7723
2766	2.7726
2767	2.7735
2768	2.7727
2769	2.7738
2770	2.7737
2771	2.7738
2772	2.7741
2773	2.7741
2774	2.7747
2775	2.7742
2776	2.7745
2777	2.7745
2778	2.7744
2779	2.7743
2780	2.7751
2781	2.7742
2782	2.7748
2783	2.7751
2784	2.7751
2785	2.7745
2786	2.7758
2787	2.7762
2788	2.7756
2789	2.7753
2790	2.7758
2791	2.7763
2792	2.777
2793	2.7769
2794	2.7765
2795	2.7768
2796	2.7762
2797	2.778
2798	2.7774
2799	2.7779
2800	2.7771
2801	2.7774
2802	2.7787
2803	2.7783
2804	2.7783
2805	2.779
2806	2.778
2807	2.7794
2808	2.7787
2809	2.7782
2810	2.7785
2811	2.7791
2812	2.7799
2813	2.779
2814	2.7797
2815	2.7806
2816	2.7804
2817	2.7794
2818	2.7798
2819	2.7798
2820	2.7811
2821	2.7797
2822	2.7803
2823	2.7805
2824	2.7804
2825	2.7799
2826	2.7816
2827	2.782
2828	2.7822
2829	2.782
2830	2.781
2831	2.7821
2832	2.7818
2833	2.7818
2834	2.7813
2835	2.7835
2836	2.7829
2837	2.7826
2838	2.7826
2839	2.7826
2840	2.7826
2841	2.7827
2842	2.7836
2843	2.7838
2844	2.7831
2845	2.7837
2846	2.7831
2847	2.7834
2848	2.784
2849	2.7843
2850	2.7844
2851	2.7847
2852	2.7852
2853	2.7851
2854	2.7845
2855	2.786
2856	2.7858
2857	2.7851
2858	2.785
2859	2.7853
2860	2.7863
2861	2.7869
2862	2.7865
2863	2.7875
2864	2.7869
2865	2.7874
2866	2.7867
2867	2.7871
2868	2.7877
2869	2.7863
2870	2.7859
2871	2.7878
2872	2.7876
2873	2.7884
2874	2.7885
2875	2.7876
2876	2.7891
2877	2.7883
2878	2.788
2879	2.7892
2880	2.7882
2881	2.7896
2882	2.7887
2883	2.7893
2884	2.7902
2885	2.7888
2886	2.7893
2887	2.7903
2888	2.7897
2889	2.7901
2890	2.7903
2891	2.7904
2892	2.7908
2893	2.7904
2894	2.7901
2895	2.7911
2896	2.7916
2897	2.79
2898	2.7916
2899	2.7914
2900	2.7923
2901	2.7915
2902	2.7915
2903	2.7916
2904	2.7922
2905	2.7916
2906	2.7911
2907	2.7923
2908	2.7921
2909	2.7919
2910	2.7927
2911	2.7921
2912	2.7924
2913	2.7926
2914	2.7937
2915	2.793
2916	2.7938
2917	2.7929
2918	2.794
2919	2.7946
2920	2.7949
2921	2.7939
2922	2.7942
2923	2.7954
2924	2.7939
2925	2.7944
2926	2.7944
2927	2.7952
2928	2.7952
2929	2.7958
2930	2.7948
2931	2.795
2932	2.7952
2933	2.797
2934	2.7956
2935	2.7958
2936	2.7957
2937	2.7964
2938	2.796
2939	2.7969
2940	2.7957
2941	2.797
2942	2.7973
2943	2.7977
2944	2.7962
2945	2.7973
2946	2.7975
2947	2.7977
2948	2.7973
2949	2.7972
2950	2.7984
2951	2.7989
2952	2.7987
2953	2.797
2954	2.7974
2955	2.7986
2956	2.7986
2957	2.7978
2958	2.7988
2959	2.7983
2960	2.7992
2961	2.7988
2962	2.7993
2963	2.7992
2964	2.7997
2965	2.7992
2966	2.7992
2967	2.7999
2968	2.7996
2969	2.8004
2970	2.7997
2971	2.8008
2972	2.8007
2973	2.8016
2974	2.8012
2975	2.8013
2976	2.8004
2977	2.8015
2978	2.8018
2979	2.8015
2980	2.8021
2981	2.8014
2982	2.8021
2983	2.803
2984	2.8025
2985	2.8016
2986	2.8034
2987	2.8016
2988	2.804
2989	2.8033
2990	2.8032
2991	2.803
2992	2.8032
2993	2.8026
2994	2.8034
2995	2.8037
2996	2.8038
2997	2.8037
2998	2.8036
2999	2.8045
3000	2.8049
3001	2.8045
3002	2.8046
3003	2.8046
3004	2.8053
3005	2.8052
3006	2.8051
3007	2.806
3008	2.8044
3009	2.8051
3010	2.8046
3011	2.8059
3012	2.8059
3013	2.8056
3014	2.8058
3015	2.8055
3016	2.8078
3017	2.8069
3018	2.8067
3019	2.8071
3020	2.8077
3021	2.8074
3022	2.8077
3023	2.8073
3024	2.8075
3025	2.8076
3026	2.8076
3027	2.8085
3028	2.8065
3029	2.8081
3030	2.8088
3031	2.8081
3032	2.8083
3033	2.8091
3034	2.8087
3035	2.8086
3036	2.8088
3037	2.8092
3038	2.809
3039	2.8103
3040	2.8103
3041	2.8102
3042	2.8092
3043	2.8101
3044	2.8096
3045	2.8098
3046	2.8107
3047	2.8114
3048	2.8105
3049	2.8092
3050	2.8101
3051	2.8108
3052	2.8112
3053	2.8109
3054	2.8123
3055	2.8116
3056	2.811
3057	2.811
3058	2.8119
3059	2.8113
3060	2.8117
3061	2.8108
3062	2.8118
3063	2.8123
3064	2.8119
3065	2.8135
3066	2.8131
3067	2.8124
3068	2.8129
3069	2.8128
3070	2.8136
3071	2.8129
3072	2.8133
3073	2.8136
3074	2.8134
3075	2.8147
3076	2.8141
3077	2.8139
3078	2.8145
3079	2.8155
3080	2.8145
3081	2.8145
3082	2.8138
3083	2.8148
3084	2.8154
3085	2.8155
3086	2.8149
3087	2.8154
3088	2.8141
3089	2.8154
3090	2.8155
3091	2.8154
3092	2.8166
3093	2.816
3094	2.8168
3095	2.8172
3096	2.816
3097	2.8163
3098	2.8169
3099	2.8171
3100	2.8171
3101	2.8168
3102	2.8177
3103	2.817
3104	2.8181
3105	2.818
3106	2.8176
3107	2.8169
3108	2.8172
3109	2.8192
3110	2.8182
3111	2.8181
3112	2.8184
3113	2.8195
3114	2.8197
3115	2.8192
3116	2.8186
3117	2.8192
3118	2.8197
3119	2.8199
3120	2.8187
3121	2.8196
3122	2.8189
3123	2.8191
3124	2.8202
3125	2.8195
3126	2.8205
3127	2.8208
3128	2.8199
3129	2.8207
3130	2.8208
3131	2.8199
3132	2.8206
3133	2.821
3134	2.8217
3135	2.8216
3136	2.8211
3137	2.8224
3138	2.8218
3139	2.8211
3140	2.8217
3141	2.822
3142	2.8223
3143	2.8226
3144	2.8212
3145	2.8214
3146	2.8222
3147	2.822
3148	2.8226
3149	2.8224
3150	2.823
3151	2.8228
3152	2.8233
3153	2.823
3154	2.8237
3155	2.8241
3156	2.8234
3157	2.8246
3158	2.8244
3159	2.8241
3160	2.8249
3161	2.8242
3162	2.8247
3163	2.8234
3164	2.8256
3165	2.8253
3166	2.8246
3167	2.8241
3168	2.8255
3169	2.8259
3170	2.825
3171	2.8256
3172	2.8257
3173	2.8258
3174	2.8268
3175	2.8258
3176	2.8255
3177	2.8266
3178	2.8263
3179	2.8268
3180	2.8264
3181	2.8268
3182	2.827
3183	2.8278
3184	2.8262
3185	2.8273
3186	2.8277
3187	2.8276
3188	2.8276
3189	2.8284
3190	2.828
3191	2.8281
3192	2.8276
3193	2.8281
3194	2.8285
3195	2.8292
3196	2.8283
3197	2.8293
3198	2.8282
3199	2.8289
3200	2.8291
3201	2.8294
3202	2.8297
3203	2.8294
3204	2.8297
3205	2.8297
3206	2.8304
3207	2.8306
3208	2.8296
3209	2.8304
3210	2.8286
3211	2.8299
3212	2.8305
3213	2.8302
3214	2.8311
3215	2.8308
3216	2.8313
3217	2.8305
3218	2.8313
3219	2.8306
3220	2.8305
3221	2.8316
3222	2.8326
3223	2.8321
3224	2.8317
3225	2.8321
3226	2.8323
3227	2.832
3228	2.8326
3229	2.8322
3230	2.832
3231	2.8326
3232	2.8324
3233	2.8333
3234	2.8326
3235	2.8338
3236	2.8337
3237	2.8334
3238	2.8339
3239	2.8337
3240	2.8343
3241	2.8333
3242	2.8341
3243	2.8342
3244	2.8343
3245	2.8343
3246	2.835
3247	2.8346
3248	2.8349
3249	2.8346
3250	2.8356
3251	2.834
3252	2.8354
3253	2.8355
3254	2.8357
3255	2.8354
3256	2.8362
3257	2.8352
3258	2.8363
3259	2.8354
3260	2.8364
3261	2.8361
3262	2.8364
3263	2.8374
3264	2.8376
3265	2.8367
3266	2.8365
3267	2.8362
3268	2.8369
3269	2.837
3270	2.8378
3271	2.8376
3272	2.8379
3273	2.8373
3274	2.8379
3275	2.8377
3276	2.8386
3277	2.8375
3278	2.8379
3279	2.839
3280	2.8378
3281	2.839
3282	2.8389
3283	2.8384
3284	2.8388
3285	2.8385
3286	2.8395
3287	2.8391
3288	2.8401
3289	2.8391
3290	2.8396
3291	2.8395
3292	2.84
3293	2.8395
3294	2.8415
3295	2.8402
3296	2.8399
3297	2.8402
3298	2.8406
3299	2.8406
3300	2.8409
3301	2.8414
3302	2.8403
3303	2.8411
3304	2.8406
3305	2.8407
3306	2.8423
3307	2.8418
3308	2.8413
3309	2.8428
3310	2.8428
3311	2.8422
3312	2.8422
3313	2.8415
3314	2.8431
3315	2.8425
3316	2.8432
3317	2.8423
3318	2.8426
3319	2.8431
3320	2.8426
3321	2.8427
3322	2.8433
3323	2.8432
3324	2.8438
3325	2.8436
3326	2.8431
3327	2.8442
3328	2.8438
3329	2.8431
3330	2.8436
3331	2.8446
3332	2.8439
3333	2.844
3334	2.8449
3335	2.8451
3336	2.8452
3337	2.8441
3338	2.8448
3339	2.8455
3340	2.8451
3341	2.845
3342	2.845
3343	2.8453
3344	2.8453
3345	2.8449
3346	2.8456
3347	2.8461
3348	2.8462
3349	2.8447
3350	2.846
3351	2.8459
3352	2.8463
3353	2.8466
3354	2.8464
3355	2.8469
3356	2.8468
3357	2.8474
3358	2.8464
3359	2.848
3360	2.8479
3361	2.8476
3362	2.8474
3363	2.8483
3364	2.8482
3365	2.8488
3366	2.8483
3367	2.8488
3368	2.8488
3369	2.8477
3370	2.8482
3371	2.8482
3372	2.8488
3373	2.848
3374	2.849
3375	2.8492
3376	2.8486
3377	2.8494
3378	2.8496
3379	2.8493
3380	2.8499
3381	2.8497
3382	2.8501
3383	2.8499
3384	2.8503
3385	2.8498
3386	2.8507
3387	2.8503
3388	2.8497
3389	2.8509
3390	2.8511
3391	2.8507
3392	2.8513
3393	2.8513
3394	2.8512
3395	2.8513
3396	2.8517
3397	2.8519
3398	2.8519
3399	2.8523
3400	2.8519
3401	2.8528
3402	2.8523
3403	2.852
3404	2.8526
3405	2.8532
3406	2.8527
3407	2.8516
3408	2.8527
3409	2.8525
3410	2.8531
3411	2.8533
3412	2.8531
3413	2.8522
3414	2.8528
3415	2.8539
3416	2.8534
3417	2.8538
3418	2.8542
3419	2.8539
3420	2.8532
3421	2.8532
3422	2.8543
3423	2.8543
3424	2.8542
3425	2.8544
3426	2.855
3427	2.8545
3428	2.8551
3429	2.855
3430	2.8554
3431	2.8554
3432	2.855
3433	2.8562
3434	2.8562
3435	2.8551
3436	2.856
3437	2.856
3438	2.8546
3439	2.8554
3440	2.8566
3441	2.8567
3442	2.8562
3443	2.8569
3444	2.8562
3445	2.8572
3446	2.8575
3447	2.8582
3448	2.8577
3449	2.8574
3450	2.8577
3451	2.8572
3452	2.8568
3453	2.8574
3454	2.8567
3455	2.8582
3456	2.8588
3457	2.8583
3458	2.8582
3459	2.8584
3460	2.8586
3461	2.8583
3462	2.8595
3463	2.8583
3464	2.8581
3465	2.8588
3466	2.858
3467	2.8589
3468	2.8592
3469	2.8604
3470	2.8592
3471	2.8586
3472	2.8599
3473	2.8597
3474	2.859
3475	2.8594
3476	2.8597
3477	2.8602
3478	2.8604
3479	2.8604
3480	2.8611
3481	2.8602
3482	2.8603
3483	2.8606
3484	2.8609
3485	2.8609
3486	2.8601
3487	2.8609
3488	2.8607
3489	2.8612
3490	2.862
3491	2.8617
3492	2.8612
3493	2.861
3494	2.8618
3495	2.8623
3496	2.8621
3497	2.8621
3498	2.8617
3499	2.8633
3500	2.8618
3501	2.863
3502	2.8624
3503	2.8633
3504	2.8626
3505	2.8629
3506	2.8636
3507	2.8628
3508	2.8628
3509	2.863
3510	2.8635
3511	2.8636
3512	2.8631
3513	2.8635
3514	2.8649
3515	2.8641
3516	2.864
3517	2.8649
3518	2.8644
3519	2.8643
3520	2.8644
3521	2.8641
3522	2.8653
3523	2.8642
3524	2.8651
3525	2.8652
3526	2.8653
3527	2.8652
3528	2.865
3529	2.8661
3530	2.8658
3531	2.8658
3532	2.8655
3533	2.8659
3534	2.8664
3535	2.8658
3536	2.8677
3537	2.8671
3538	2.8664
3539	2.8668
3540	2.8669
3541	2.8671
3542	2.8662
3543	2.8663
3544	2.8681
3545	2.8667
3546	2.8676
3547	2.8672
3548	2.8679
3549	2.8676
3550	2.8681
3551	2.8672
3552	2.8671
3553	2.8688
3554	2.8676
3555	2.8678
3556	2.8687
3557	2.8684
3558	2.868
3559	2.8686
3560	2.869
3561	2.8687
3562	2.8686
3563	2.8689
3564	2.869
3565	2.8687
3566	2.8707
3567	2.869
3568	2.8692
3569	2.8685
3570	2.8696
3571	2.8693
3572	2.8701
3573	2.8699
3574	2.8698
3575	2.87
3576	2.8707
3577	2.8714
3578	2.8711
3579	2.8714
3580	2.87
3581	2.8712
3582	2.8709
3583	2.8704
3584	2.8711
3585	2.8712
3586	2.8705
3587	2.8721
3588	2.8713
3589	2.8723
3590	2.872
3591	2.8719
3592	2.873
3593	2.8723
3594	2.8728
3595	2.872
3596	2.8736
3597	2.8732
3598	2.8726
3599	2.873
3600	2.8728
3601	2.8735
3602	2.8738
3603	2.8732
3604	2.8737
3605	2.8733
3606	2.8729
3607	2.8737
3608	2.8744
3609	2.8738
3610	2.8746
3611	2.8741
3612	2.8747
3613	2.8731
3614	2.874
3615	2.8742
3616	2.8752
3617	2.8737
3618	2.8755
3619	2.8764
3620	2.8743
3621	2.875
3622	2.8751
3623	2.8754
3624	2.8753
3625	2.8747
3626	2.876
3627	2.8758
3628	2.8763
3629	2.8759
3630	2.8763
3631	2.8759
3632	2.8768
3633	2.8767
3634	2.8766
3635	2.8768
3636	2.8771
3637	2.8768
3638	2.8767
3639	2.8767
3640	2.8784
3641	2.8776
3642	2.8768
3643	2.8772
3644	2.8773
3645	2.8779
3646	2.878
3647	2.8788
3648	2.8782
3649	2.8775
3650	2.8779
3651	2.8785
3652	2.8778
3653	2.8788
3654	2.878
3655	2.8793
3656	2.8787
3657	2.8779
3658	2.8792
3659	2.8786
3660	2.8786
3661	2.8789
3662	2.88
3663	2.8796
3664	2.8792
3665	2.8798
3666	2.8802
3667	2.8798
3668	2.8799
3669	2.8802
3670	2.881
3671	2.8809
3672	2.8807
3673	2.8796
3674	2.8806
3675	2.8804
3676	2.8799
3677	2.8812
3678	2.8816
3679	2.8812
3680	2.8801
3681	2.8813
3682	2.8815
3683	2.8816
3684	2.8808
3685	2.8816
3686	2.8818
3687	2.8818
3688	2.8831
3689	2.8831
3690	2.8817
3691	2.882
3692	2.8831
3693	2.8816
3694	2.8835
3695	2.8816
3696	2.8831
3697	2.8825
3698	2.8833
3699	2.883
3700	2.883
3701	2.8831
3702	2.884
3703	2.8838
3704	2.8847
3705	2.8837
3706	2.8833
3707	2.8853
3708	2.8842
3709	2.8841
3710	2.8839
3711	2.8842
3712	2.8842
3713	2.8843
3714	2.8839
3715	2.8851
3716	2.8848
3717	2.8851
3718	2.8843
3719	2.885
3720	2.8845
3721	2.8855
3722	2.8856
3723	2.8854
3724	2.8855
3725	2.8864
3726	2.886
3727	2.8855
3728	2.8859
3729	2.8855
3730	2.8861
3731	2.8856
3732	2.886
3733	2.8859
3734	2.8859
3735	2.8859
3736	2.8868
3737	2.8863
3738	2.8861
3739	2.8868
3740	2.8871
3741	2.8875
3742	2.8862
3743	2.8867
3744	2.8865
3745	2.8875
3746	2.887
3747	2.8881
3748	2.8872
3749	2.8878
3750	2.8885
3751	2.887
3752	2.8883
3753	2.889
3754	2.889
3755	2.8886
3756	2.8875
3757	2.8886
3758	2.8892
3759	2.8894
3760	2.8894
3761	2.8887
3762	2.8896
3763	2.8891
3764	2.8902
3765	2.8898
3766	2.8906
3767	2.8901
3768	2.8901
3769	2.8894
3770	2.8904
3771	2.8903
3772	2.8901
3773	2.8904
3774	2.8903
3775	2.8902
3776	2.8911
3777	2.8904
3778	2.8904
3779	2.8901
3780	2.8909
3781	2.8903
3782	2.8903
3783	2.8915
3784	2.8912
3785	2.8919
3786	2.8914
3787	2.8912
3788	2.8917
3789	2.8917
3790	2.8921
3791	2.8915
3792	2.8924
3793	2.8921
3794	2.8919
3795	2.8927
3796	2.8929
3797	2.8922
3798	2.8922
3799	2.8924
3800	2.8931
3801	2.8934
3802	2.8927
3803	2.8926
3804	2.8928
3805	2.8924
3806	2.8936
3807	2.8929
3808	2.8931
3809	2.8931
3810	2.8941
3811	2.8937
3812	2.8942
3813	2.8943
3814	2.8937
3815	2.8932
3816	2.8948
3817	2.8949
3818	2.8948
3819	2.8948
3820	2.895
3821	2.8946
3822	2.8946
3823	2.8945
3824	2.896
3825	2.8945
3826	2.8951
3827	2.895
3828	2.8959
3829	2.8961
3830	2.896
3831	2.8962
3832	2.8961
3833	2.8954
3834	2.8949
3835	2.8958
3836	2.8963
3837	2.8961
3838	2.8963
3839	2.8966
3840	2.8962
3841	2.8958
3842	2.8968
3843	2.8957
3844	2.8968
3845	2.8978
3846	2.898
3847	2.8975
3848	2.8973
3849	2.8971
3850	2.8975
3851	2.898
3852	2.8977
3853	2.8977
3854	2.8976
3855	2.8974
3856	2.8982
3857	2.8991
3858	2.8981
3859	2.8983
3860	2.8989
3861	2.8992
3862	2.8991
3863	2.8985
3864	2.8981
3865	2.8994
3866	2.8987
3867	2.8985
3868	2.8994
3869	2.8992
3870	2.8994
3871	2.8983
3872	2.8999
3873	2.9003
3874	2.8995
3875	2.8992
3876	2.8999
3877	2.9006
3878	2.8999
3879	2.9005
3880	2.9003
3881	2.9005
3882	2.9005
3883	2.9006
3884	2.8998
3885	2.9013
3886	2.9004
3887	2.9006
3888	2.9008
3889	2.9015
3890	2.9009
3891	2.9015
3892	2.9011
3893	2.9009
3894	2.9021
3895	2.9007
3896	2.9016
3897	2.9028
3898	2.9017
3899	2.9021
3900	2.9016
3901	2.9021
3902	2.9021
3903	2.9022
3904	2.9022
3905	2.9017
3906	2.9026
3907	2.9026
3908	2.9023
3909	2.9027
3910	2.9032
3911	2.9028
3912	2.9027
3913	2.9035
3914	2.9036
3915	2.9024
3916	2.9042
3917	2.9037
3918	2.9045
3919	2.9047
3920	2.9035
3921	2.9038
3922	2.9033
3923	2.9045
3924	2.904
3925	2.9042
3926	2.9049
3927	2.9047
3928	2.9037
3929	2.9039
3930	2.9043
3931	2.9052
3932	2.9041
3933	2.9056
3934	2.9048
3935	2.9052
3936	2.905
3937	2.9057
3938	2.9052
3939	2.9054
3940	2.9058
3941	2.9064
3942	2.9058
3943	2.9058
3944	2.9058
3945	2.9066
3946	2.9059
3947	2.9068
3948	2.9062
3949	2.9068
3950	2.9063
3951	2.9075
3952	2.9068
3953	2.907
3954	2.9074
3955	2.9068
3956	2.9074
3957	2.9065
3958	2.9074
3959	2.9073
3960	2.9077
3961	2.9072
3962	2.9075
3963	2.9077
3964	2.9076
3965	2.9084
3966	2.9085
3967	2.9088
3968	2.9079
3969	2.9086
3970	2.9084
3971	2.9085
3972	2.9087
3973	2.908
3974	2.9086
3975	2.9093
3976	2.9096
3977	2.9079
3978	2.909
3979	2.9098
3980	2.9088
3981	2.9097
3982	2.9092
3983	2.91
3984	2.9097
3985	2.9102
3986	2.9099
3987	2.911
3988	2.9112
3989	2.91
3990	2.9107
3991	2.9105
3992	2.9107
3993	2.9102
3994	2.9108
3995	2.9111
3996	2.9111
3997	2.9098
3998	2.912
3999	2.9115
4000	2.9113
4001	2.9108
4002	2.9118
4003	2.9116
4004	2.9122
4005	2.912
4006	2.9123
4007	2.9117
4008	2.9116
4009	2.9128
4010	2.9115
4011	2.9131
4012	2.9119
4013	2.914
4014	2.9124
4015	2.9138
4016	2.913
4017	2.913
4018	2.9132
4019	2.9132
4020	2.9133
4021	2.9136
4022	2.9138
4023	2.9137
4024	2.9134
4025	2.9145
4026	2.9138
4027	2.9149
4028	2.9149
4029	2.9146
4030	2.9134
4031	2.9149
4032	2.9149
4033	2.9142
4034	2.914
4035	2.9152
4036	2.9141
4037	2.9155
4038	2.9154
4039	2.9157
4040	2.9154
4041	2.9147
4042	2.9157
4043	2.9155
4044	2.9152
4045	2.9154
4046	2.9159
4047	2.9153
4048	2.9157
4049	2.9153
4050	2.9165
4051	2.9156
4052	2.9167
4053	2.9162
4054	2.9163
4055	2.916
4056	2.9156
4057	2.9171
4058	2.9165
4059	2.916
4060	2.9169
4061	2.9173
4062	2.9174
4063	2.9187
4064	2.9169
4065	2.9168
4066	2.9175
4067	2.9186
4068	2.9178
4069	2.9174
4070	2.918
4071	2.9179
4072	2.9185
4073	2.9181
4074	2.9184
4075	2.9179
4076	2.9188
4077	2.9191
4078	2.9188
4079	2.9184
4080	2.9192
4081	2.9187
4082	2.9197
4083	2.9193
4084	2.9195
4085	2.9197
4086	2.9203
4087	2.9197
4088	2.92
4089	2.92
4090	2.9202
4091	2.9198
4092	2.9203
4093	2.9199
4094	2.9198
4095	2.9202
4096	2.9199
4097	2.9199
4098	2.9203
4099	2.9207
4100	2.92
4101	2.9214
4102	2.9207
4103	2.9211
4104	2.9209
4105	2.9204
4106	2.9203
4107	2.9209
4108	2.922
4109	2.9213
4110	2.921
4111	2.9213
4112	2.9215
4113	2.9215
4114	2.9221
4115	2.9211
4116	2.9227
4117	2.9226
4118	2.9217
4119	2.9226
4120	2.9225
4121	2.9222
4122	2.923
4123	2.9224
4124	2.9225
4125	2.9231
4126	2.9222
4127	2.9237
4128	2.9235
4129	2.9229
4130	2.9234
4131	2.9236
4132	2.9226
4133	2.9235
4134	2.9239
4135	2.9242
4136	2.9242
4137	2.9236
4138	2.9246
4139	2.9236
4140	2.9238
4141	2.9236
4142	2.9247
4143	2.9238
4144	2.9246
4145	2.9246
4146	2.9246
4147	2.9254
4148	2.9254
4149	2.9248
4150	2.9249
4151	2.9249
4152	2.9249
4153	2.9252
4154	2.9258
4155	2.9256
4156	2.9252
4157	2.9256
4158	2.9257
4159	2.9253
4160	2.9255
4161	2.927
4162	2.926
4163	2.9273
4164	2.9258
4165	2.926
4166	2.9261
4167	2.9268
4168	2.9268
4169	2.9257
4170	2.9269
4171	2.9265
4172	2.9268
4173	2.9254
4174	2.9271
4175	2.9269
4176	2.9273
4177	2.9275
4178	2.9272
4179	2.9268
4180	2.9269
4181	2.9274
4182	2.9275
4183	2.9284
4184	2.9282
4185	2.9274
4186	2.928
4187	2.9287
4188	2.9283
4189	2.9286
4190	2.9293
4191	2.9275
4192	2.928
4193	2.9282
4194	2.9291
4195	2.929
4196	2.9289
4197	2.9285
4198	2.9291
4199	2.9307
4200	2.9287
4201	2.9298
4202	2.9292
4203	2.9296
4204	2.9298
4205	2.9293
4206	2.9305
4207	2.9289
4208	2.9295
4209	2.9302
4210	2.9296
4211	2.9308
4212	2.9301
4213	2.9305
4214	2.9307
4215	2.9304
4216	2.9314
4217	2.9311
4218	2.9311
4219	2.9309
4220	2.9311
4221	2.9313
4222	2.9304
4223	2.9314
4224	2.9314
4225	2.9313
4226	2.9318
4227	2.9319
4228	2.9312
4229	2.9323
4230	2.9321
4231	2.9316
4232	2.9316
4233	2.933
4234	2.9324
4235	2.9325
4236	2.9331
4237	2.9308
4238	2.933
4239	2.9325
4240	2.9329
4241	2.9332
4242	2.9343
4243	2.9333
4244	2.9331
4245	2.9324
4246	2.933
4247	2.9331
4248	2.9329
4249	2.9334
4250	2.9334
4251	2.9342
4252	2.9348
4253	2.9346
4254	2.9335
4255	2.9341
4256	2.9345
4257	2.9345
4258	2.9341
4259	2.9343
4260	2.935
4261	2.9348
4262	2.935
4263	2.9345
4264	2.935
4265	2.9344
4266	2.9347
4267	2.9349
4268	2.9354
4269	2.9348
4270	2.9346
4271	2.9351
4272	2.9361
4273	2.9352
4274	2.9352
4275	2.9354
4276	2.9362
4277	2.9356
4278	2.9352
4279	2.9356
4280	2.9363
4281	2.9362
4282	2.9366
4283	2.9369
4284	2.9368
4285	2.9364
4286	2.9373
4287	2.9371
4288	2.9378
4289	2.9369
4290	2.9371
4291	2.9374
4292	2.9379
4293	2.9366
4294	2.9375
4295	2.9386
4296	2.9374
4297	2.937
4298	2.9381
4299	2.9375
4300	2.9383
4301	2.9379
4302	2.9382
4303	2.938
4304	2.9377
4305	2.9388
4306	2.9386
4307	2.9394
4308	2.9385
4309	2.9387
4310	2.9385
4311	2.9387
4312	2.9385
4313	2.9393
4314	2.9394
4315	2.9398
4316	2.9394
4317	2.9395
4318	2.94
4319	2.939
4320	2.9398
4321	2.9395
4322	2.9403
4323	2.9404
4324	2.94
4325	2.9396
4326	2.9407
4327	2.9407
4328	2.9407
4329	2.9407
4330	2.9412
4331	2.9407
4332	2.9407
4333	2.9407
4334	2.9412
4335	2.9406
4336	2.9408
4337	2.9413
4338	2.9418
4339	2.9418
4340	2.9407
4341	2.9412
4342	2.9421
4343	2.9415
4344	2.942
4345	2.9425
4346	2.9409
4347	2.9425
4348	2.9419
4349	2.9433
4350	2.9426
4351	2.9422
4352	2.9432
4353	2.9419
4354	2.9416
4355	2.9427
4356	2.9445
4357	2.9428
4358	2.9434
4359	2.9429
4360	2.9437
4361	2.9437
4362	2.9431
4363	2.9434
4364	2.944
4365	2.9441
4366	2.9445
4367	2.9441
4368	2.9447
4369	2.9453
4370	2.9432
4371	2.9439
4372	2.944
4373	2.9441
4374	2.9442
4375	2.9442
4376	2.944
4377	2.9444
4378	2.9453
4379	2.9443
4380	2.9457
4381	2.945
4382	2.9449
4383	2.945
4384	2.9456
4385	2.9453
4386	2.946
4387	2.9455
4388	2.9459
4389	2.9455
4390	2.9452
4391	2.9465
4392	2.9454
4393	2.9458
4394	2.9463
4395	2.9459
4396	2.9467
4397	2.9474
4398	2.9459
4399	2.9461
4400	2.9469
4401	2.9468
4402	2.9469
4403	2.9465
4404	2.9469
4405	2.9473
4406	2.9472
4407	2.9474
4408	2.9474
4409	2.9482
4410	2.947
4411	2.9479
4412	2.9469
4413	2.947
4414	2.9483
4415	2.9474
4416	2.948
4417	2.9481
4418	2.9479
4419	2.9476
4420	2.948
4421	2.948
4422	2.949
4423	2.9484
4424	2.9477
4425	2.9481
4426	2.9499
4427	2.9489
4428	2.9485
4429	2.9499
4430	2.949
4431	2.9486
4432	2.9491
4433	2.9499
4434	2.9501
4435	2.9495
4436	2.9499
4437	2.9498
4438	2.9502
4439	2.9504
4440	2.9501
4441	2.9494
4442	2.9495
4443	2.9495
4444	2.9506
4445	2.95
4446	2.9505
4447	2.9505
4448	2.9508
4449	2.9515
4450	2.9502
4451	2.9512
4452	2.9512
4453	2.9516
4454	2.9514
4455	2.9514
4456	2.952
4457	2.9514
4458	2.9515
4459	2.9507
4460	2.9522
4461	2.9507
4462	2.9517
4463	2.9523
4464	2.9524
4465	2.9523
4466	2.9524
4467	2.9515
4468	2.9529
4469	2.9521
4470	2.9535
4471	2.9533
4472	2.9524
4473	2.9523
4474	2.9526
4475	2.9528
4476	2.9533
4477	2.9528
4478	2.9546
4479	2.9534
4480	2.953
4481	2.9532
4482	2.9538
4483	2.9538
4484	2.9548
4485	2.9543
4486	2.9543
4487	2.9549
4488	2.9543
4489	2.955
4490	2.9548
4491	2.9542
4492	2.9538
4493	2.9554
4494	2.9552
4495	2.9549
4496	2.9559
4497	2.9553
4498	2.9546
4499	2.9553
4500	2.9562
4501	2.9556
4502	2.9549
4503	2.9557
4504	2.9556
4505	2.9555
4506	2.9556
4507	2.9547
4508	2.9555
4509	2.9564
4510	2.9553
4511	2.9567
4512	2.9562
4513	2.9557
4514	2.9566
4515	2.9561
4516	2.9569
4517	2.9569
4518	2.9563
4519	2.9572
4520	2.9576
4521	2.9568
4522	2.9581
4523	2.9572
4524	2.9576
4525	2.9572
4526	2.9581
4527	2.9571
4528	2.9576
4529	2.9584
4530	2.9574
4531	2.9581
4532	2.958
4533	2.9569
4534	2.9582
4535	2.9579
4536	2.9586
4537	2.9581
4538	2.9587
4539	2.9591
4540	2.9602
4541	2.9582
4542	2.9585
4543	2.9586
4544	2.9594
4545	2.9594
4546	2.9594
4547	2.961
4548	2.9589
4549	2.9595
4550	2.9599
4551	2.9594
4552	2.9602
4553	2.9601
4554	2.9602
4555	2.96
4556	2.9603
4557	2.9603
4558	2.9601
4559	2.96
4560	2.9603
4561	2.9602
4562	2.9611
4563	2.9603
4564	2.9604
4565	2.9611
4566	2.961
4567	2.9613
4568	2.9607
4569	2.9612
4570	2.9606
4571	2.9617
4572	2.9617
4573	2.9621
4574	2.9619
4575	2.9623
4576	2.9622
4577	2.9618
4578	2.9628
4579	2.9608
4580	2.9633
4581	2.962
4582	2.962
4583	2.9626
4584	2.9625
4585	2.9621
4586	2.964
4587	2.9645
4588	2.9632
4589	2.963
4590	2.9627
4591	2.9626
4592	2.9631
4593	2.963
4594	2.9629
4595	2.9636
4596	2.9638
4597	2.9647
4598	2.9635
4599	2.9635
4600	2.9635
4601	2.9646
4602	2.9644
4603	2.9635
4604	2.9643
4605	2.9629
4606	2.9646
4607	2.9646
4608	2.9647
4609	2.9644
4610	2.9653
4611	2.9654
4612	2.9651
4613	2.9647
4614	2.9661
4615	2.9649
4616	2.9652
4617	2.9649
4618	2.9655
4619	2.9662
4620	2.9654
4621	2.9661
4622	2.966
4623	2.9659
4624	2.965
4625	2.966
4626	2.9673
4627	2.9663
4628	2.9658
4629	2.9667
4630	2.9665
4631	2.9662
4632	2.9665
4633	2.9671
4634	2.967
4635	2.9673
4636	2.9672
4637	2.9674
4638	2.9676
4639	2.9672
4640	2.9661
4641	2.9679
4642	2.968
4643	2.9676
4644	2.967
4645	2.9683
4646	2.9678
4647	2.9686
4648	2.9678
4649	2.9679
4650	2.9692
4651	2.9684
4652	2.9683
4653	2.9682
4654	2.9684
4655	2.968
4656	2.9686
4657	2.9683
4658	2.9686
4659	2.9694
4660	2.9687
4661	2.9694
4662	2.9692
4663	2.9696
4664	2.9699
4665	2.9696
4666	2.9694
4667	2.9698
4668	2.9688
4669	2.9694
4670	2.9693
4671	2.9697
4672	2.9701
4673	2.9698
4674	2.9692
4675	2.9702
4676	2.9706
4677	2.9707
4678	2.9698
4679	2.9718
4680	2.971
4681	2.9707
4682	2.9705
4683	2.9705
4684	2.9709
4685	2.9704
4686	2.9715
4687	2.9707
4688	2.9704
4689	2.9707
4690	2.9711
4691	2.9722
4692	2.9715
4693	2.9726
4694	2.9719
4695	2.9715
4696	2.9725
4697	2.9715
4698	2.9719
4699	2.9724
4700	2.9731
4701	2.973
4702	2.9724
4703	2.9734
4704	2.9728
4705	2.9733
4706	2.9731
4707	2.9733
4708	2.9731
4709	2.973
4710	2.9726
4711	2.973
4712	2.9734
4713	2.9733
4714	2.9734
4715	2.974
4716	2.9738
4717	2.9739
4718	2.9748
4719	2.9748
4720	2.9741
4721	2.9751
4722	2.9745
4723	2.9749
4724	2.9752
4725	2.975
4726	2.9756
4727	2.9748
4728	2.9742
4729	2.9748
4730	2.975
4731	2.9744
4732	2.9756
4733	2.9744
4734	2.9754
4735	2.9758
4736	2.9756
4737	2.9753
4738	2.9759
4739	2.9763
4740	2.9758
4741	2.9754
4742	2.9758
4743	2.9766
4744	2.9766
4745	2.9762
4746	2.9757
4747	2.9775
4748	2.9758
4749	2.9766
4750	2.9761
4751	2.9774
4752	2.9767
4753	2.9775
4754	2.9777
4755	2.9771
4756	2.9779
4757	2.9777
4758	2.9781
4759	2.978
4760	2.9776
4761	2.9779
4762	2.9787
4763	2.9782
4764	2.9774
4765	2.9778
4766	2.9777
4767	2.9776
4768	2.9786
4769	2.9775
4770	2.9786
4771	2.9787
4772	2.9788
4773	2.9785
4774	2.979
4775	2.978
4776	2.979
4777	2.979
4778	2.9783
4779	2.979
4780	2.9796
4781	2.9791
4782	2.9786
4783	2.9797
4784	2.9792
4785	2.9786
4786	2.9795
4787	2.9805
4788	2.9807
4789	2.9801
4790	2.9797
4791	2.9798
4792	2.9804
4793	2.98
4794	2.981
4795	2.9805
4796	2.9806
4797	2.981
4798	2.9807
4799	2.9817
4800	2.9813
4801	2.9814
4802	2.9809
4803	2.9809
4804	2.9815
4805	2.9812
4806	2.9818
4807	2.9812
4808	2.9823
4809	2.9812
4810	2.9827
4811	2.9822
4812	2.9825
4813	2.9824
4814	2.9822
4815	2.9819
4816	2.9822
4817	2.9815
4818	2.9822
4819	2.9819
4820	2.9825
4821	2.9826
4822	2.9821
4823	2.9827
4824	2.9825
4825	2.9832
4826	2.9826
4827	2.9833