1	0
2	0.0182
3	0.0562
4	0.0925
5	0.1752
6	0.2354
7	0.354
8	0.4487
9	0.5567
10	0.6992
11	0.7866
12	0.9454
13	1.0284
14	1.1685
15	1.2854
16	1.4418
17	1.5877
18	1.6649
19	1.769
20	1.9356
21	2.0471
22	2.1336
23	2.2523
24	2.3246
25	2.4004
26	2.506
27	2.5767
28	2.6591
29	2.7601
30	2.8706
31	2.9296
32	2.9875
33	3.0518
34	3.1659
35	3.1924
36	3.258
37	3.3463
38	3.3965
39	3.4567
40	3.5182
41	3.6047
42	3.6387
43	3.6739
44	3.7871
45	3.7979
46	3.8236
47	3.8979
48	3.9485
49	3.9957
50	4.0037
51	4.0751
52	4.1215
53	4.1902
54	4.2329
55	4.2406
56	4.2574
57	4.3236
58	4.3238
59	4.3879
60	4.479
61	4.4121
62	4.4886
63	4.5606
64	4.5465
65	4.5996
66	4.6233
67	4.6295
68	4.648
69	4.6822
70	4.6737
71	4.7507
72	4.7907
73	4.7988
74	4.8548
75	4.7958
76	4.8954
77	4.895
78	4.9069
79	4.9447
80	5.0174
81	4.9908
82	4.9694
83	4.9823
84	5.0422
85	5.0948
86	5.057
87	5.0673
88	5.1171
89	5.1038
90	5.1422
91	5.183
92	5.1708
93	5.1589
94	5.1678
95	5.2165
96	5.2329
97	5.1713
98	5.2359
99	5.2552
100	5.2371
101	5.2804
102	5.2441
103	5.2789
104	5.3216
105	5.3247
106	5.3194
107	5.3436
108	5.359
109	5.38
110	5.3336
111	5.3726
112	5.377
113	5.4227
114	5.4261
115	5.3957
116	5.422
117	5.5019
118	5.4581
119	5.4501
120	5.4646
121	5.4654
122	5.5113
123	5.4863
124	5.5561
125	5.5005
126	5.4992
127	5.5132
128	5.5235
129	5.5475
130	5.5189
131	5.5648
132	5.5125
133	5.5202
134	5.5551
135	5.5746
136	5.5984
137	5.5726
138	5.5931
139	5.5511
140	5.6277
141	5.6475
142	5.6381
143	5.6113
144	5.5908
145	5.6698
146	5.6112
147	5.6008
148	5.6892
149	5.6369
150	5.6898
151	5.626
152	5.702
153	5.6431
154	5.6369
155	5.6778
156	5.6688
157	5.6701
158	5.7198
159	5.7012
160	5.6773
161	5.7145
162	5.7073
163	5.649
164	5.7328
165	5.691
166	5.7228
167	5.7409
168	5.7229
169	5.7058
170	5.704
171	5.7308
172	5.7815
173	5.6884
174	5.8214
175	5.8063
176	5.7527
177	5.7132
178	5.7162
179	5.7873
180	5.7711
181	5.7555
182	5.776
183	5.7459
184	5.7775
185	5.7722
186	5.7598
187	5.8062
188	5.8164
189	5.7813
190	5.8621
191	5.7464
192	5.7813
193	5.7871
194	5.832
195	5.8221
196	5.8075
197	5.8168
198	5.8358
199	5.8009
200	5.8228
201	5.826
202	5.8594
203	5.7935
204	5.8276
205	5.8177
206	5.8513
207	5.8138
208	5.8384
209	5.8573
210	5.8145
211	5.88
212	5.8835
213	5.8279
214	5.8465
215	5.8793
216	5.8483
217	5.8725
218	5.8583
219	5.8784
220	5.835
221	5.8829
222	5.848
223	5.9105
224	5.8865
225	5.8694
226	5.8618
227	5.8178
228	5.8667
229	5.8989
230	5.8869
231	5.8925
232	5.8845
233	5.8797
234	5.8692
235	5.8755
236	5.8431
237	5.8815
238	5.8698
239	5.9195
240	5.8896
241	5.8878
242	5.8851
243	5.9176
244	5.9005
245	5.9122
246	5.9433
247	5.9247
248	5.8969
249	5.9739
250	5.8982
251	5.9111
252	5.9257
253	5.9486
254	5.8892
255	5.931
256	5.8986
257	5.9058
258	5.9559
259	5.8936
260	5.9679
261	5.9753
262	5.9326
263	5.9135
264	5.9149
265	5.9472
266	5.9898
267	5.9486
268	5.9324
269	5.9734
270	5.9293
271	5.929
272	5.9513
273	6.0103
274	5.9375
275	5.9561
276	5.9404
277	5.946
278	5.9538
279	5.9541
280	6.0379
281	5.983
282	5.9451
283	5.9748
284	5.9357
285	5.9214
286	5.9585
287	5.9433
288	5.949
289	5.9436
290	5.9802
291	5.9667
292	6.0089
293	5.9543
294	5.9789
295	5.9516
296	5.9517
297	5.8958
298	5.9472
299	5.9802
300	5.9853
301	5.9706
302	5.9495
303	5.972
304	5.9832
305	5.9751
306	6.0129
307	5.9832
308	5.9238
309	6.0046
310	5.9673
311	5.9169
312	5.9515
313	5.9639
314	6.0212
315	6.0217
316	6.0169
317	5.976
318	5.9886
319	5.9912
320	5.9473
321	6.019
322	6.0165
323	6.0248
324	6.0185
325	6.0357
326	5.967
327	5.9797
328	5.9877
329	6.0215
330	5.9451
331	5.9645
332	5.9949
333	5.9882
334	5.9561
335	5.9747
336	5.9674
337	5.9877
338	6.0168
339	6.0309
340	6.0516
341	6.0023
342	6.047
343	5.9913
344	5.9892
345	5.9975
346	5.9823
347	5.9983
348	5.9751
349	5.9873
350	6.055
351	5.961
352	6.0209
353	5.9822
354	5.977
355	5.9909
356	6.017
357	6.0397
358	5.9773
359	5.9938
360	6.0312
361	6.0215
362	6.0205
363	6.0734
364	6.0382
365	6.0568
366	6.0117
367	6.0613
368	6.0659
369	6.0293
370	6.0141
371	6.011
372	6.0148
373	6.0813
374	6.0491
375	6.0569
376	6.0203
377	6.0843
378	6.0046
379	6.0328
380	6.072
381	6.0562
382	6.0285
383	6.029
384	6.0144
385	6.0296
386	6.0451
387	6.0386
388	6.0627
389	6.03
390	6.0548
391	6.0678
392	6.0978
393	6.0839
394	6.0758
395	6.0351
396	6.0667
397	6.0704
398	6.0307
399	6.041
400	6.0808
401	6.0466
402	6.0162
403	6.0865
404	6.0591
405	6.039
406	6.0878
407	6.0752
408	6.086
409	6.0611
410	6.0509
411	6.1243
412	6.0338
413	6.0691
414	6.0591
415	6.0694
416	6.084
417	6.0291
418	6.0213
419	6.0861
420	6.0815
421	6.0547
422	6.0528
423	6.0487
424	6.0288
425	6.0598
426	6.0327
427	6.071
428	6.0703
429	6.0859
430	6.0696
431	6.0066
432	6.0777
433	6.0652
434	6.0879
435	6.0571
436	6.0683
437	6.0199
438	6.1008
439	6.0708
440	6.0535
441	6.0749
442	6.139
443	6.0848
444	6.0949
445	5.994
446	6.0734
447	6.0912
448	6.1093
449	6.0812
450	6.0647
451	6.0623
452	6.06
453	6.0586
454	6.0937
455	6.0921
456	6.11
457	6.0927
458	6.1179
459	6.0841
460	6.1109
461	6.1707
462	6.1685
463	6.0771
464	6.1403
465	6.1032
466	6.0552
467	6.1198
468	6.0763
469	6.1001
470	6.1054
471	6.1382
472	6.1306
473	6.0647
474	6.1201
475	6.1787
476	6.0672
477	6.0824
478	6.0875
479	6.1143
480	6.1229
481	6.1457
482	6.1624
483	6.1106
484	6.0741
485	6.125
486	6.1063
487	6.0965
488	6.1109
489	6.1234
490	6.1036
491	6.0887
492	6.0743
493	6.0839
494	6.1011
495	6.1118
496	6.1037
497	6.1849
498	6.1403
499	6.1248
500	6.0856
501	6.107
502	6.0714
503	6.1094
504	6.134
505	6.0978
506	6.1173
507	6.1543
508	6.1359
509	6.1327
510	6.1013
511	6.0807
512	6.1313
513	6.077
514	6.1711
515	6.1105
516	6.0808
517	6.1283
518	6.074
519	6.142
520	6.085
521	6.1267
522	6.1013
523	6.1168
524	6.0775
525	6.0197
526	6.1551
527	6.1159
528	6.1162
529	6.1472
530	6.1317
531	6.1182
532	6.1374
533	6.1263
534	6.1329
535	6.1213
536	6.0725
537	6.1141
538	6.141
539	6.1851
540	6.1339
541	6.1147
542	6.1676
543	6.1666
544	6.0964
545	6.1543
546	6.1267
547	6.0912
548	6.0992
549	6.1528
550	6.1255
551	6.139
552	6.1317
553	6.1644
554	6.1677
555	6.1743
556	6.1152
557	6.1311
558	6.1508
559	6.0968
560	6.0903
561	6.1548
562	6.1283
563	6.1286
564	6.1533
565	6.1645
566	6.1213
567	6.1665
568	6.1229
569	6.2102
570	6.1683
571	6.1955
572	6.1245
573	6.2061
574	6.1526
575	6.1462
576	6.1459
577	6.1898
578	6.159
579	6.1698
580	6.1599
581	6.1584
582	6.1674
583	6.1459
584	6.1581
585	6.203
586	6.1672
587	6.1269
588	6.1656
589	6.1723
590	6.1826
591	6.0845
592	6.1826
593	6.1944
594	6.1356
595	6.1352
596	6.145
597	6.1355
598	6.1304
599	6.1673
600	6.129
601	6.1478
602	6.1664
603	6.2055
604	6.1454
605	6.1472
606	6.1543
607	6.1943
608	6.2156
609	6.2133
610	6.1701
611	6.1695
612	6.1765
613	6.1946
614	6.2004
615	6.1912
616	6.1839
617	6.1926
618	6.1739
619	6.1804
620	6.154
621	6.1745
622	6.1825
623	6.1609
624	6.1571
625	6.1483
626	6.2257
627	6.2448
628	6.1444
629	6.1277
630	6.1618
631	6.1916
632	6.2262
633	6.1832
634	6.1791
635	6.1456
636	6.1943
637	6.1932
638	6.1873
639	6.1917
640	6.1978
641	6.1763
642	6.1604
643	6.1819
644	6.1715
645	6.1837
646	6.161
647	6.1937
648	6.1342
649	6.2184
650	6.1734
651	6.1817
652	6.1895
653	6.1995
654	6.1416
655	6.2115
656	6.1489
657	6.1713
658	6.1599
659	6.1437
660	6.2249
661	6.1991
662	6.2187
663	6.1896
664	6.1879
665	6.2031
666	6.2077
667	6.1929
668	6.2236
669	6.1832
670	6.1976
671	6.25
672	6.206
673	6.181
674	6.148
675	6.2079
676	6.2502
677	6.2502
678	6.1832
679	6.1965
680	6.2026
681	6.2291
682	6.2203
683	6.1691
684	6.2166
685	6.2373
686	6.1487
687	6.2006
688	6.2255
689	6.2695
690	6.2058
691	6.2301
692	6.1861
693	6.1631
694	6.2018
695	6.2081
696	6.1917
697	6.1838
698	6.2413
699	6.1672
700	6.2269
701	6.1882
702	6.2104
703	6.1732
704	6.2148
705	6.2128
706	6.1799
707	6.1904
708	6.2282
709	6.2152
710	6.1947
711	6.266
712	6.2236
713	6.2059
714	6.2367
715	6.2149
716	6.2005
717	6.1926
718	6.1895
719	6.2266
720	6.212
721	6.2306
722	6.2465
723	6.2164
724	6.1658
725	6.2205
726	6.2165
727	6.2395
728	6.2569
729	6.1972
730	6.2031
731	6.2265
732	6.2354
733	6.2398
734	6.2359
735	6.1921
736	6.2151
737	6.2216
738	6.2133
739	6.1882
740	6.2681
741	6.1669
742	6.2062
743	6.1351
744	6.1846
745	6.2116
746	6.1827
747	6.1693
748	6.2036
749	6.2092
750	6.2621
751	6.2174
752	6.1928
753	6.2128
754	6.2792
755	6.2006
756	6.2165
757	6.2445
758	6.1902
759	6.229
760	6.2568
761	6.233
762	6.237
763	6.2525
764	6.2281
765	6.2024
766	6.2061
767	6.2049
768	6.1951
769	6.1793
770	6.2489
771	6.2247
772	6.1898
773	6.2773
774	6.236
775	6.2291
776	6.2184
777	6.214
778	6.234
779	6.2214
780	6.2187
781	6.1783
782	6.1588
783	6.1875
784	6.1906
785	6.1821
786	6.2146
787	6.234
788	6.2279
789	6.2602
790	6.2041
791	6.2308
792	6.1902
793	6.265
794	6.1984
795	6.2568
796	6.2215
797	6.2518
798	6.2317
799	6.1977
800	6.2354
801	6.2098
802	6.2462
803	6.256
804	6.2568
805	6.2479
806	6.2263
807	6.2829
808	6.2879
809	6.2649
810	6.2635
811	6.2168
812	6.2663
813	6.2157
814	6.2212
815	6.2452
816	6.2227
817	6.2457
818	6.2513
819	6.1823
820	6.1901
821	6.2376
822	6.2447
823	6.2799
824	6.2105
825	6.2448
826	6.2681
827	6.2317
828	6.2605
829	6.2391
830	6.293
831	6.2261
832	6.2622
833	6.2141
834	6.3042
835	6.2014
836	6.2663
837	6.2835
838	6.2304
839	6.2875
840	6.2583
841	6.2291
842	6.2085
843	6.2679
844	6.2476
845	6.2649
846	6.2325
847	6.2238
848	6.2359
849	6.2529
850	6.2556
851	6.3036
852	6.2341
853	6.2072
854	6.3002
855	6.2503
856	6.2755
857	6.2615
858	6.1953
859	6.2587
860	6.3005
861	6.2666
862	6.2701
863	6.2873
864	6.2402
865	6.2536
866	6.2384
867	6.2508
868	6.2543
869	6.2505
870	6.2295
871	6.2168
872	6.2535
873	6.2652
874	6.2241
875	6.2681
876	6.2262
877	6.2448
878	6.2389
879	6.2395
880	6.2639
881	6.2556
882	6.2553
883	6.2651
884	6.2801
885	6.1891
886	6.2743
887	6.2439
888	6.2264
889	6.2937
890	6.2812
891	6.2235
892	6.3192
893	6.2828
894	6.2611
895	6.2701
896	6.2214
897	6.2028
898	6.2216
899	6.2755
900	6.2542
901	6.2776
902	6.2734
903	6.2861
904	6.2795
905	6.2059
906	6.2425
907	6.2304
908	6.2991
909	6.2355
910	6.234
911	6.2375
912	6.2316
913	6.2872
914	6.249
915	6.2713
916	6.2988
917	6.2507
918	6.2999
919	6.2741
920	6.2968
921	6.2694
922	6.2847
923	6.2746
924	6.2928
925	6.2725
926	6.309
927	6.2319
928	6.3056
929	6.2752
930	6.2481
931	6.2839
932	6.2882
933	6.2949
934	6.2339
935	6.2554
936	6.2651
937	6.2606
938	6.2702
939	6.3023
940	6.2713
941	6.2909
942	6.2485
943	6.2719
944	6.2676
945	6.2782
946	6.283
947	6.3046
948	6.2631
949	6.2994
950	6.2568
951	6.2393
952	6.269
953	6.312
954	6.2623
955	6.3171
956	6.282
957	6.2591
958	6.2413
959	6.2682
960	6.2769
961	6.2873
962	6.2037
963	6.2603
964	6.219
965	6.2618
966	6.2478
967	6.2343
968	6.3467
969	6.294
970	6.2675
971	6.2483
972	6.2895
973	6.2523
974	6.2847
975	6.3111
976	6.2695
977	6.2336
978	6.2828
979	6.2717
980	6.2765
981	6.3138
982	6.2384
983	6.2795
984	6.2834
985	6.2908
986	6.2916
987	6.3068
988	6.2948
989	6.2609
990	6.3179
991	6.2822
992	6.2927
993	6.2601
994	6.2903
995	6.3084
996	6.2873
997	6.2511
998	6.3135
999	6.2911
1000	6.2977
1001	6.2786
1002	6.2907
1003	6.2967
1004	6.2501
1005	6.2735
1006	6.2986
1007	6.3067
1008	6.2802
1009	6.2645
1010	6.276
1011	6.2819
1012	6.2777
1013	6.2742
1014	6.2771
1015	6.2927
1016	6.2818
1017	6.2812
1018	6.2636
1019	6.2566
1020	6.2752
1021	6.2694
1022	6.233
1023	6.2542
1024	6.266
1025	6.3054
1026	6.2621
1027	6.2912
1028	6.2775
1029	6.2678
1030	6.2946
1031	6.2719
1032	6.2477
1033	6.3076
1034	6.3013
1035	6.2529
1036	6.279
1037	6.2896
1038	6.2074
1039	6.2983
1040	6.2577
1041	6.2738
1042	6.3292
1043	6.3609
1044	6.2956
1045	6.2974
1046	6.3102
1047	6.2981
1048	6.3271
1049	6.2965
1050	6.2872
1051	6.3294
1052	6.272
1053	6.28
1054	6.3119
1055	6.2807
1056	6.297
1057	6.2622
1058	6.2942
1059	6.3735
1060	6.232
1061	6.2523
1062	6.3233
1063	6.3093
1064	6.281
1065	6.3366
1066	6.2588
1067	6.2733
1068	6.2584
1069	6.3358
1070	6.2557
1071	6.3184
1072	6.2701
1073	6.3097
1074	6.218
1075	6.3514
1076	6.3476
1077	6.2316
1078	6.2733
1079	6.2664
1080	6.289
1081	6.3257
1082	6.3241
1083	6.3106
1084	6.3419
1085	6.2874
1086	6.3178
1087	6.292
1088	6.3162
1089	6.2826
1090	6.3018
1091	6.2763
1092	6.2867
1093	6.2743
1094	6.3461
1095	6.306
1096	6.3041
1097	6.3174
1098	6.3208
1099	6.2725
1100	6.2773
1101	6.3093
1102	6.2552
1103	6.3361
1104	6.2656
1105	6.2652
1106	6.301
1107	6.3244
1108	6.3041
1109	6.3218
1110	6.2788
1111	6.322
1112	6.2505
1113	6.3225
1114	6.2878
1115	6.2894
1116	6.3035
1117	6.2958
1118	6.2898
1119	6.2991
1120	6.3184
1121	6.2838
1122	6.3005
1123	6.304
1124	6.3184
1125	6.2742
1126	6.2875
1127	6.2825
1128	6.3118
1129	6.3251
1130	6.2963
1131	6.2798
1132	6.2964
1133	6.285
1134	6.3285
1135	6.3206
1136	6.3456
1137	6.2859
1138	6.3086
1139	6.4023
1140	6.2849
1141	6.2871
1142	6.3443
1143	6.3337
1144	6.315
1145	6.2987
1146	6.341
1147	6.3139
1148	6.3168
1149	6.326
1150	6.3009
1151	6.2986
1152	6.313
1153	6.3264
1154	6.3388
1155	6.3513
1156	6.2734
1157	6.308
1158	6.3561
1159	6.2717
1160	6.2579
1161	6.272
1162	6.3091
1163	6.3181
1164	6.3101
1165	6.3721
1166	6.327
1167	6.3394
1168	6.3544
1169	6.2983
1170	6.3332
1171	6.2822
1172	6.3235
1173	6.3267
1174	6.3627
1175	6.3441
1176	6.3596
1177	6.3299
1178	6.2788
1179	6.2903
1180	6.2375
1181	6.3341
1182	6.2828
1183	6.3849
1184	6.3558
1185	6.3451
1186	6.3053
1187	6.3324
1188	6.3582
1189	6.3171
1190	6.2946
1191	6.3088
1192	6.2967
1193	6.3125
1194	6.2859
1195	6.2987
1196	6.2999
1197	6.3335
1198	6.3045
1199	6.3489
1200	6.3157
1201	6.3288
1202	6.3486
1203	6.3068
1204	6.3625
1205	6.3755
1206	6.3493
1207	6.3388
1208	6.3531
1209	6.3743
1210	6.3016
1211	6.3958
1212	6.3446
1213	6.2898
1214	6.3004
1215	6.334
1216	6.2866
1217	6.3313
1218	6.3532
1219	6.287
1220	6.364
1221	6.3103
1222	6.3072
1223	6.3062
1224	6.369
1225	6.2781
1226	6.2933
1227	6.3601
1228	6.3584
1229	6.3056
1230	6.3043
1231	6.3593
1232	6.3924
1233	6.3646
1234	6.3202
1235	6.2941
1236	6.3431
1237	6.3074
1238	6.3239
1239	6.3517
1240	6.3533
1241	6.3098
1242	6.3258
1243	6.3321
1244	6.3123
1245	6.3115
1246	6.2948
1247	6.3375
1248	6.3422
1249	6.2481
1250	6.3737
1251	6.3764
1252	6.3777
1253	6.3217
1254	6.3415
1255	6.3722
1256	6.3111
1257	6.3519
1258	6.3281
1259	6.3001
1260	6.3049
1261	6.3465
1262	6.3558
1263	6.3297
1264	6.3608
1265	6.3714
1266	6.3373
1267	6.3391
1268	6.394
1269	6.3384
1270	6.2746
1271	6.3117
1272	6.3384
1273	6.319
1274	6.2746
1275	6.3147
1276	6.3137
1277	6.3635
1278	6.3582
1279	6.334
1280	6.2734
1281	6.3562
1282	6.3583
1283	6.3438
1284	6.3476
1285	6.369
1286	6.3343
1287	6.3613
1288	6.3633
1289	6.2836
1290	6.3308
1291	6.3324
1292	6.3382
1293	6.3241
1294	6.3475
1295	6.3549
1296	6.3636
1297	6.3624
1298	6.3921
1299	6.3457
1300	6.3382
1301	6.3201
1302	6.3364
1303	6.3531
1304	6.3837
1305	6.3622
1306	6.359
1307	6.3275
1308	6.3625
1309	6.3332
1310	6.3548
1311	6.314
1312	6.3182
1313	6.3918
1314	6.3541
1315	6.3627
1316	6.3778
1317	6.3337
1318	6.3303
1319	6.3997
1320	6.3542
1321	6.3213
1322	6.3319
1323	6.3513
1324	6.3634
1325	6.341
1326	6.384
1327	6.3067
1328	6.3731
1329	6.3244
1330	6.3631
1331	6.3594
1332	6.4058
1333	6.3615
1334	6.3379
1335	6.3482
1336	6.3829
1337	6.3593
1338	6.4216
1339	6.3403
1340	6.4062
1341	6.3511
1342	6.3503
1343	6.4033
1344	6.3482
1345	6.3555
1346	6.3435
1347	6.3883
1348	6.3406
1349	6.4005
1350	6.3907
1351	6.3958
1352	6.3549
1353	6.3984
1354	6.3042
1355	6.4034
1356	6.3961
1357	6.4185
1358	6.2923
1359	6.3603
1360	6.3748
1361	6.3473
1362	6.3408
1363	6.3512
1364	6.362
1365	6.3929
1366	6.3477
1367	6.3546
1368	6.3385
1369	6.3585
1370	6.3806
1371	6.3813
1372	6.3581
1373	6.3181
1374	6.3881
1375	6.4072
1376	6.3652
1377	6.377
1378	6.3586
1379	6.3504
1380	6.386
1381	6.4132
1382	6.3681
1383	6.3666
1384	6.3709
1385	6.4118
1386	6.3886
1387	6.3278
1388	6.3313
1389	6.3874
1390	6.3847
1391	6.3576
1392	6.4188
1393	6.3618
1394	6.3456
1395	6.3321
1396	6.3508
1397	6.3483
1398	6.3652
1399	6.4093
1400	6.3776
1401	6.3597
1402	6.3002
1403	6.4056
1404	6.3516
1405	6.3387
1406	6.4245
1407	6.3788
1408	6.3703
1409	6.3616
1410	6.374
1411	6.3746
1412	6.3891
1413	6.4108
1414	6.3676
1415	6.4049
1416	6.3769
1417	6.4196
1418	6.3792
1419	6.3941
1420	6.3478
1421	6.36
1422	6.3831
1423	6.3715
1424	6.4142
1425	6.3941
1426	6.3933
1427	6.3493
1428	6.3411
1429	6.3659
1430	6.4178
1431	6.4032
1432	6.3579
1433	6.3025
1434	6.3757
1435	6.3515
1436	6.3558
1437	6.4104
1438	6.3281
1439	6.2965
1440	6.3538
1441	6.312
1442	6.3549
1443	6.3902
1444	6.3885
1445	6.3661
1446	6.3731
1447	6.3648
1448	6.3464
1449	6.3848
1450	6.3804
1451	6.3812
1452	6.3611
1453	6.4001
1454	6.3594
1455	6.3694
1456	6.3791
1457	6.4048
1458	6.3641
1459	6.3742
1460	6.339
1461	6.3194
1462	6.3756
1463	6.3776
1464	6.4258
1465	6.3662
1466	6.3797
1467	6.35
1468	6.3635
1469	6.3612
1470	6.3801
1471	6.3845
1472	6.3808
1473	6.354
1474	6.3401
1475	6.3763
1476	6.4165
1477	6.4019
1478	6.3619
1479	6.4398
1480	6.4291
1481	6.4517
1482	6.3331
1483	6.4053
1484	6.3815
1485	6.3441
1486	6.4078
1487	6.3642
1488	6.3824
1489	6.351
1490	6.345
1491	6.3612
1492	6.4017
1493	6.4202
1494	6.4168
1495	6.32
1496	6.4092
1497	6.4002
1498	6.3758
1499	6.35
1500	6.3646
1501	6.3701
1502	6.3705
1503	6.3904
1504	6.3894
1505	6.4196
1506	6.3823
1507	6.347
1508	6.3593
1509	6.4254
1510	6.3791
1511	6.3249
1512	6.3907
1513	6.4174
1514	6.447
1515	6.4279
1516	6.4219
1517	6.3902
1518	6.3692
1519	6.4194
1520	6.3134
1521	6.3913
1522	6.4085
1523	6.3774
1524	6.3752
1525	6.3467
1526	6.4109
1527	6.3857
1528	6.4155
1529	6.3842
1530	6.4088
1531	6.4482
1532	6.4068
1533	6.4206
1534	6.4284
1535	6.4203
1536	6.3144
1537	6.3258
1538	6.3944
1539	6.3817
1540	6.3584
1541	6.3731
1542	6.4026
1543	6.4029
1544	6.3953
1545	6.3515
1546	6.3628
1547	6.3806
1548	6.3873
1549	6.3767
1550	6.3861
1551	6.3957
1552	6.3763
1553	6.3562
1554	6.4181
1555	6.3947
1556	6.3815
1557	6.3683
1558	6.4333
1559	6.3645
1560	6.3561
1561	6.3381
1562	6.4082
1563	6.3695
1564	6.4209
1565	6.3694
1566	6.3748
1567	6.3986
1568	6.4024
1569	6.4021
1570	6.3747
1571	6.4277
1572	6.4056
1573	6.3577
1574	6.395
1575	6.3589
1576	6.3992
1577	6.3653
1578	6.437
1579	6.3897
1580	6.4328
1581	6.4098
1582	6.3499
1583	6.3887
1584	6.4224
1585	6.3709
1586	6.4074
1587	6.4183
1588	6.3513
1589	6.4079
1590	6.3925
1591	6.3768
1592	6.3606
1593	6.4114
1594	6.4147
1595	6.3672
1596	6.3959
1597	6.4246
1598	6.3532
1599	6.3909
1600	6.3437
1601	6.3885
1602	6.3826
1603	6.3955
1604	6.41
1605	6.3929
1606	6.3321
1607	6.401
1608	6.3738
1609	6.4356
1610	6.4014
1611	6.364
1612	6.4066
1613	6.4674
1614	6.4121
1615	6.4326
1616	6.4192
1617	6.3946
1618	6.4004
1619	6.4016
1620	6.402
1621	6.4068
1622	6.3858
1623	6.344
1624	6.3845
1625	6.4623
1626	6.3541
1627	6.3296
1628	6.4248
1629	6.4101
1630	6.4271
1631	6.3977
1632	6.4084
1633	6.4309
1634	6.3729
1635	6.3595
1636	6.4631
1637	6.4421
1638	6.4067
1639	6.4391
1640	6.3233
1641	6.3575
1642	6.409
1643	6.4408
1644	6.3759
1645	6.4249
1646	6.4198
1647	6.4305
1648	6.4356
1649	6.3793
1650	6.4072
1651	6.3663
1652	6.3729
1653	6.4601
1654	6.405
1655	6.3699
1656	6.4582
1657	6.3451
1658	6.3893
1659	6.4013
1660	6.4489
1661	6.3907
1662	6.3693
1663	6.4582
1664	6.4101
1665	6.3865
1666	6.362
1667	6.4
1668	6.4023
1669	6.4527
1670	6.3701
1671	6.3657
1672	6.439
1673	6.3885
1674	6.3957
1675	6.4364
1676	6.3806
1677	6.3659
1678	6.4218
1679	6.4451
1680	6.4092
1681	6.4001
1682	6.4532
1683	6.408
1684	6.4125
1685	6.3892
1686	6.4013
1687	6.4029
1688	6.4086
1689	6.3828
1690	6.4422
1691	6.416
1692	6.4291
1693	6.4014
1694	6.3996
1695	6.3908
1696	6.3835
1697	6.4303
1698	6.4205
1699	6.3936
1700	6.431
1701	6.4707
1702	6.4401
1703	6.446
1704	6.4034
1705	6.422
1706	6.3835
1707	6.4219
1708	6.4052
1709	6.4416
1710	6.3865
1711	6.356
1712	6.3846
1713	6.3822
1714	6.3948
1715	6.381
1716	6.3732
1717	6.3577
1718	6.4392
1719	6.4528
1720	6.3929
1721	6.4271
1722	6.4002
1723	6.4336
1724	6.4132
1725	6.4209
1726	6.4283
1727	6.4024
1728	6.4343
1729	6.3682
1730	6.4388
1731	6.4416
1732	6.3667
1733	6.4097
1734	6.4358
1735	6.4019
1736	6.4271
1737	6.3678
1738	6.417
1739	6.4373
1740	6.4059
1741	6.3865
1742	6.3857
1743	6.426
1744	6.4042
1745	6.4051
1746	6.3918
1747	6.4111
1748	6.3556
1749	6.3744
1750	6.4578
1751	6.4408
1752	6.3828
1753	6.43
1754	6.3704
1755	6.3931
1756	6.4232
1757	6.3794
1758	6.4246
1759	6.381
1760	6.4359
1761	6.3966
1762	6.4162
1763	6.3947
1764	6.3723
1765	6.4008
1766	6.4521
1767	6.4381
1768	6.3815
1769	6.4441
1770	6.3931
1771	6.3875
1772	6.4448
1773	6.4225
1774	6.3701
1775	6.3812
1776	6.4124
1777	6.3935
1778	6.4537
1779	6.4239
1780	6.4023
1781	6.4216
1782	6.3532
1783	6.4456
1784	6.4162
1785	6.4188
1786	6.3931
1787	6.4198
1788	6.4192
1789	6.3824
1790	6.3685
1791	6.4386
1792	6.4165
1793	6.4141
1794	6.4563
1795	6.4554
1796	6.4663
1797	6.4189
1798	6.4305
1799	6.4657
1800	6.4081
1801	6.407
1802	6.4538
1803	6.3695
1804	6.4392
1805	6.4363
1806	6.4123
1807	6.4498
1808	6.4473
1809	6.4368
1810	6.3959
1811	6.4391
1812	6.456
1813	6.4339
1814	6.4105
1815	6.4575
1816	6.4045
1817	6.427
1818	6.3612
1819	6.4504
1820	6.4341
1821	6.453
1822	6.4332
1823	6.4485
1824	6.4159
1825	6.4307
1826	6.4095
1827	6.4083
1828	6.3986
1829	6.3889
1830	6.4302
1831	6.4279
1832	6.4186
1833	6.4448
1834	6.3997
1835	6.4157
1836	6.4118
1837	6.4086
1838	6.4433
1839	6.4269
1840	6.4538
1841	6.469
1842	6.4367
1843	6.4798
1844	6.3929
1845	6.429
1846	6.4393
1847	6.4472
1848	6.454
1849	6.4401
1850	6.4153
1851	6.4502
1852	6.4404
1853	6.4156
1854	6.4533
1855	6.446
1856	6.4754
1857	6.4263
1858	6.4289
1859	6.4319
1860	6.4443
1861	6.3747
1862	6.3589
1863	6.4409
1864	6.4105
1865	6.3731
1866	6.4296
1867	6.3776
1868	6.3842
1869	6.4126
1870	6.4421
1871	6.4454
1872	6.4552
1873	6.419
1874	6.4206
1875	6.4347
1876	6.4077
1877	6.3801
1878	6.4331
1879	6.4551
1880	6.4151
1881	6.4323
1882	6.437
1883	6.4312
1884	6.4169
1885	6.4227
1886	6.4071
1887	6.4948
1888	6.4609
1889	6.4088
1890	6.3697
1891	6.4332
1892	6.4582
1893	6.4758
1894	6.3993
1895	6.3958
1896	6.4517
1897	6.4268
1898	6.4231
1899	6.4415
1900	6.3917
1901	6.4379
1902	6.4353
1903	6.5108
1904	6.4839
1905	6.4077
1906	6.4118
1907	6.3925
1908	6.3907
1909	6.4073
1910	6.3848
1911	6.3941
1912	6.4867
1913	6.4421
1914	6.4284
1915	6.4146
1916	6.3872
1917	6.4308
1918	6.4279
1919	6.4744
1920	6.433
1921	6.4069
1922	6.4461
1923	6.4404
1924	6.4321
1925	6.4043
1926	6.4119
1927	6.3949
1928	6.4534
1929	6.4165
1930	6.446
1931	6.4542
1932	6.4152
1933	6.4385
1934	6.4462
1935	6.4092
1936	6.4363
1937	6.4702
1938	6.4399
1939	6.3955
1940	6.419
1941	6.411
1942	6.478
1943	6.4306
1944	6.4033
1945	6.4445
1946	6.4194
1947	6.4518
1948	6.4458
1949	6.4537
1950	6.4775
1951	6.4369
1952	6.4131
1953	6.4536
1954	6.4331
1955	6.4228
1956	6.4351
1957	6.4402
1958	6.449
1959	6.4248
1960	6.4166
1961	6.3646
1962	6.4414
1963	6.4467
1964	6.4711
1965	6.3946
1966	6.49
1967	6.4089
1968	6.4713
1969	6.463
1970	6.4754
1971	6.453
1972	6.4345
1973	6.4392
1974	6.4226
1975	6.4665
1976	6.4744
1977	6.4546
1978	6.4437
1979	6.4645
1980	6.513
1981	6.4595
1982	6.4472
1983	6.4108
1984	6.4673
1985	6.3949
1986	6.4691
1987	6.4374
1988	6.4492
1989	6.4305
1990	6.4627
1991	6.3907
1992	6.4178
1993	6.4181
1994	6.4302
1995	6.4369
1996	6.3664
1997	6.4245
1998	6.4658
1999	6.4351
2000	6.414
2001	6.4201
2002	6.4478
2003	6.4181
2004	6.4518
2005	6.4429
2006	6.4515
2007	6.4216
2008	6.4355
2009	6.4379
2010	6.438
2011	6.3958
2012	6.4422
2013	6.4424
2014	6.4014
2015	6.4436
2016	6.443
2017	6.4741
2018	6.4414
2019	6.4109
2020	6.4686
2021	6.4089
2022	6.4177
2023	6.4313
2024	6.4746
2025	6.4615
2026	6.421
2027	6.4262
2028	6.414
2029	6.4316
2030	6.4209
2031	6.428
2032	6.4486
2033	6.4041
2034	6.4467
2035	6.4344
2036	6.4595
2037	6.4732
2038	6.4321
2039	6.4295
2040	6.45
2041	6.4776
2042	6.4766
2043	6.4439
2044	6.4226
2045	6.4553
2046	6.4399
2047	6.4083
2048	6.4298
2049	6.4715
2050	6.4762
2051	6.4061
2052	6.4759
2053	6.4455
2054	6.4241
2055	6.4214
2056	6.4504
2057	6.4422
2058	6.4731
2059	6.4853
2060	6.4338
2061	6.4676
2062	6.406
2063	6.4244
2064	6.4363
2065	6.4399
2066	6.3684
2067	6.4243
2068	6.3927
2069	6.4403
2070	6.4203
2071	6.4469
2072	6.3909
2073	6.459
2074	6.4454
2075	6.4451
2076	6.4349
2077	6.4853
2078	6.4392
2079	6.4303
2080	6.481
2081	6.4527
2082	6.4171
2083	6.4596
2084	6.4263
2085	6.4174
2086	6.4389
2087	6.4202
2088	6.4381
2089	6.4404
2090	6.4483
2091	6.4419
2092	6.4531
2093	6.338
2094	6.4506
2095	6.4052
2096	6.481
2097	6.4451
2098	6.4185
2099	6.4585
2100	6.4762
2101	6.4501
2102	6.4065
2103	6.4037
2104	6.4835
2105	6.4775
2106	6.4179
2107	6.494
2108	6.4575
2109	6.4165
2110	6.3853
2111	6.4509
2112	6.4421
2113	6.4406
2114	6.4215
2115	6.4051
2116	6.412
2117	6.3925
2118	6.4076
2119	6.4879
2120	6.4351
2121	6.423
2122	6.4296
2123	6.4663
2124	6.4677
2125	6.4674
2126	6.4421
2127	6.4849
2128	6.4614
2129	6.4726
2130	6.4546
2131	6.4501
2132	6.4576
2133	6.4754
2134	6.4184
2135	6.4935
2136	6.425
2137	6.4652
2138	6.4249
2139	6.4144
2140	6.4088
2141	6.476
2142	6.4614
2143	6.4158
2144	6.448
2145	6.4886
2146	6.4492
2147	6.3842
2148	6.4839
2149	6.4574
2150	6.4673
2151	6.4316
2152	6.4595
2153	6.4186
2154	6.4542
2155	6.4324
2156	6.4338
2157	6.4898
2158	6.4397
2159	6.5004
2160	6.3939
2161	6.4485
2162	6.437
2163	6.4395
2164	6.4791
2165	6.4541
2166	6.4317
2167	6.4456
2168	6.4813
2169	6.4027
2170	6.4902
2171	6.4499
2172	6.4471
2173	6.455
2174	6.4633
2175	6.469
2176	6.4799
2177	6.4303
2178	6.4474
2179	6.4426
2180	6.4437
2181	6.3851
2182	6.4786
2183	6.4918
2184	6.4344
2185	6.4186
2186	6.3869
2187	6.461
2188	6.4527
2189	6.4763
2190	6.4779
2191	6.4037
2192	6.4104
2193	6.4351
2194	6.4757
2195	6.4331
2196	6.411
2197	6.4128
2198	6.4282
2199	6.4635
2200	6.4506
2201	6.4636
2202	6.4304
2203	6.3914
2204	6.4867
2205	6.4502
2206	6.4381
2207	6.4972
2208	6.4394
2209	6.4582
2210	6.4236
2211	6.4813
2212	6.4871
2213	6.4881
2214	6.4432
2215	6.474
2216	6.4291
2217	6.4507
2218	6.4136
2219	6.4931
2220	6.4634
2221	6.4476
2222	6.4337
2223	6.4362
2224	6.4485
2225	6.4209
2226	6.4969
2227	6.406
2228	6.4355
2229	6.435
2230	6.4458
2231	6.4069
2232	6.4524
2233	6.3998
2234	6.4121
2235	6.4691
2236	6.3866
2237	6.4251
2238	6.438
2239	6.4792
2240	6.4169
2241	6.4704
2242	6.4428
2243	6.4854
2244	6.4251
2245	6.4299
2246	6.4213
2247	6.4641
2248	6.4662
2249	6.4688
2250	6.4678
2251	6.4542
2252	6.42
2253	6.4171
2254	6.4294
2255	6.4368
2256	6.4569
2257	6.4496
2258	6.4675
2259	6.429
2260	6.4639
2261	6.4653
2262	6.4475
2263	6.4109
2264	6.428
2265	6.4069
2266	6.4913
2267	6.4939
2268	6.4516
2269	6.4504
2270	6.4506
2271	6.4768
2272	6.4595
2273	6.449
2274	6.4759
2275	6.4295
2276	6.4689
2277	6.4731
2278	6.4721
2279	6.4327
2280	6.3929
2281	6.4371
2282	6.4117
2283	6.4591
2284	6.4619
2285	6.5237
2286	6.4784
2287	6.4447
2288	6.47
2289	6.4215
2290	6.4937
2291	6.4663
2292	6.4423
2293	6.4559
2294	6.4049
2295	6.431
2296	6.4614
2297	6.4526
2298	6.4622
2299	6.4335
2300	6.4039
2301	6.4443
2302	6.4198
2303	6.4258
2304	6.4635
2305	6.43
2306	6.4333
2307	6.4444
2308	6.4681
2309	6.4622
2310	6.4757
2311	6.4439
2312	6.4511
2313	6.439
2314	6.4835
2315	6.4242
2316	6.4314
2317	6.484
2318	6.451
2319	6.4716
2320	6.482
2321	6.4397
2322	6.5264
2323	6.4487
2324	6.4265
2325	6.446
2326	6.4853
2327	6.4641
2328	6.4767
2329	6.4491
2330	6.4938
2331	6.4966
2332	6.4456
2333	6.4825
2334	6.5061
2335	6.4922
2336	6.5549
2337	6.4703
2338	6.4016
2339	6.469
2340	6.4855
2341	6.426
2342	6.4415
2343	6.4696
2344	6.4874
2345	6.4898
2346	6.4114
2347	6.4399
2348	6.452
2349	6.5027
2350	6.4326
2351	6.4452
2352	6.528
2353	6.4922
2354	6.4811
2355	6.4586
2356	6.4693
2357	6.4607
2358	6.4855
2359	6.4921
2360	6.4638
2361	6.4902
2362	6.432
2363	6.5094
2364	6.5031
2365	6.4337
2366	6.4219
2367	6.4696
2368	6.4471
2369	6.4319
2370	6.5017
2371	6.5138
2372	6.4941
2373	6.4408
2374	6.4842
2375	6.475
2376	6.4205
2377	6.423
2378	6.4411
2379	6.4496
2380	6.4476
2381	6.4799
2382	6.5203
2383	6.4817
2384	6.4596
2385	6.4155
2386	6.4653
2387	6.4773
2388	6.4378
2389	6.4793
2390	6.4676
2391	6.4628
2392	6.4424
2393	6.4953
2394	6.4862
2395	6.5134
2396	6.4942
2397	6.4275
2398	6.4748
2399	6.4537
2400	6.4139
2401	6.4075
2402	6.4629
2403	6.4651
2404	6.4674
2405	6.4577
2406	6.428
2407	6.4181
2408	6.5013
2409	6.4999
2410	6.4779
2411	6.4524
2412	6.4468
2413	6.432
2414	6.4691
2415	6.4652
2416	6.4759
2417	6.4489
2418	6.478
2419	6.4756
2420	6.4747
2421	6.464
2422	6.4565
2423	6.4999
2424	6.4769
2425	6.4451
2426	6.4822
2427	6.4771
2428	6.4565
2429	6.4521
2430	6.473
2431	6.4664
2432	6.4742
2433	6.4729
2434	6.4678
2435	6.5171
2436	6.4915
2437	6.4901
2438	6.4908
2439	6.5022
2440	6.4446
2441	6.4317
2442	6.4783
2443	6.4626
2444	6.4565
2445	6.5095
2446	6.4481
2447	6.5129
2448	6.4461
2449	6.522
2450	6.4461
2451	6.46
2452	6.4917
2453	6.486
2454	6.4346
2455	6.509
2456	6.4893
2457	6.4416
2458	6.4149
2459	6.4698
2460	6.4351
2461	6.4963
2462	6.4874
2463	6.4362
2464	6.4655
2465	6.4918
2466	6.4675
2467	6.4998
2468	6.4412
2469	6.4733
2470	6.4745
2471	6.4464
2472	6.4939
2473	6.4652
2474	6.491
2475	6.4993
2476	6.5194
2477	6.5138
2478	6.4805
2479	6.442
2480	6.4614
2481	6.4931
2482	6.4991
2483	6.4811
2484	6.4106
2485	6.4811
2486	6.4814
2487	6.4531
2488	6.5024
2489	6.4652
2490	6.4795
2491	6.4955
2492	6.4783
2493	6.4901
2494	6.5203
2495	6.4805
2496	6.4855
2497	6.4468
2498	6.4668
2499	6.4432
2500	6.4918
2501	6.519
2502	6.4749
2503	6.4741
2504	6.4766
2505	6.4847
2506	6.4386
2507	6.4405
2508	6.5054
2509	6.4628
2510	6.4687
2511	6.4679
2512	6.4725
2513	6.4278
2514	6.4762
2515	6.5305
2516	6.4948
2517	6.4655
2518	6.5101
2519	6.4654
2520	6.5084
2521	6.4792
2522	6.4855
2523	6.4887
2524	6.4964
2525	6.4925
2526	6.4497
2527	6.5334
2528	6.4789
2529	6.552
2530	6.4995
2531	6.4591
2532	6.5666
2533	6.4477
2534	6.4705
2535	6.4767
2536	6.5121
2537	6.5023
2538	6.5329
2539	6.5035
2540	6.4908
2541	6.5474
2542	6.4643
2543	6.4691
2544	6.5385
2545	6.4813
2546	6.4981
2547	6.4932
2548	6.4506
2549	6.4998
2550	6.4883
2551	6.4817
2552	6.4386
2553	6.4866
2554	6.5272
2555	6.4379
2556	6.5291
2557	6.4759
2558	6.5028
2559	6.5285
2560	6.5126
2561	6.507
2562	6.4687
2563	6.5203
2564	6.5129
2565	6.5291
2566	6.5083
2567	6.5257
2568	6.5203
2569	6.5586
2570	6.4946
2571	6.4563
2572	6.5223
2573	6.4713
2574	6.4873
2575	6.4804
2576	6.5493
2577	6.4952
2578	6.5211
2579	6.548
2580	6.5149
2581	6.4804
2582	6.4986
2583	6.4829
2584	6.5223
2585	6.5337
2586	6.5471
2587	6.5119
2588	6.478
2589	6.5279
2590	6.528
2591	6.5131
2592	6.4895
2593	6.5362
2594	6.5018
2595	6.4901
2596	6.4949
2597	6.5225
2598	6.4842
2599	6.4907
2600	6.4695
2601	6.4991
2602	6.4864
2603	6.4729
2604	6.4947
2605	6.4867
2606	6.5015
2607	6.4828
2608	6.518
2609	6.5233
2610	6.4755
2611	6.4866
2612	6.4509
2613	6.5336
2614	6.5102
2615	6.5088
2616	6.5218
2617	6.5202
2618	6.5452
2619	6.5282
2620	6.4923
2621	6.5767
2622	6.4925
2623	6.4644
2624	6.5177
2625	6.478
2626	6.473
2627	6.5292
2628	6.4997
2629	6.4755
2630	6.5388
2631	6.4974
2632	6.4817
2633	6.5449
2634	6.4587
2635	6.4482
2636	6.4701
2637	6.5027
2638	6.5186
2639	6.5004
2640	6.5481
2641	6.4962
2642	6.5313
2643	6.5142
2644	6.4949
2645	6.5554
2646	6.4937
2647	6.4748
2648	6.5344
2649	6.5109
2650	6.5458
2651	6.5193
2652	6.5384
2653	6.4748
2654	6.5287
2655	6.5029
2656	6.5627
2657	6.5422
2658	6.491
2659	6.5094
2660	6.5715
2661	6.4597
2662	6.5678
2663	6.5618
2664	6.5034
2665	6.4917
2666	6.5528
2667	6.5275
2668	6.5053
2669	6.5358
2670	6.5347
2671	6.5477
2672	6.5342
2673	6.5297
2674	6.4997
2675	6.5269
2676	6.5612
2677	6.5123
2678	6.5399
2679	6.5208
2680	6.487
2681	6.4722
2682	6.4854
2683	6.5294
2684	6.5034
2685	6.4782
2686	6.5289
2687	6.4753
2688	6.5527
2689	6.4508
2690	6.4571
2691	6.5385
2692	6.4776
2693	6.5104
2694	6.5331
2695	6.4622
2696	6.4752
2697	6.5331
2698	6.5118
2699	6.5054
2700	6.4998
2701	6.5218
2702	6.49
2703	6.5252
2704	6.512
2705	6.5635
2706	6.5202
2707	6.5169
2708	6.511
2709	6.5235
2710	6.5031
2711	6.4872
2712	6.5032
2713	6.5262
2714	6.4903
2715	6.5563
2716	6.4827
2717	6.4952
2718	6.5312
2719	6.5332
2720	6.5114
2721	6.548
2722	6.5106
2723	6.5029
2724	6.5145
2725	6.544
2726	6.4404
2727	6.4849
2728	6.5433
2729	6.51
2730	6.4837
2731	6.4923
2732	6.5171
2733	6.5034
2734	6.471
2735	6.5245
2736	6.5387
2737	6.5201
2738	6.4807
2739	6.505
2740	6.4797
2741	6.4919
2742	6.5179
2743	6.4993
2744	6.5024
2745	6.5325
2746	6.5161
2747	6.5542
2748	6.5054
2749	6.4961
2750	6.5377
2751	6.4907
2752	6.5477
2753	6.5217
2754	6.5289
2755	6.5539
2756	6.5079
2757	6.5123
2758	6.5179
2759	6.5536
2760	6.4735
2761	6.5216
2762	6.5268
2763	6.5362
2764	6.4768
2765	6.5385
2766	6.5511
2767	6.543
2768	6.5774
2769	6.597
2770	6.5315
2771	6.57
2772	6.5216
2773	6.5377
2774	6.4912
2775	6.5329
2776	6.583
2777	6.5788
2778	6.5531
2779	6.5293
2780	6.5265
2781	6.4915
2782	6.5618
2783	6.5139
2784	6.5137
2785	6.5554
2786	6.5467
2787	6.5274
2788	6.5258
2789	6.5264
2790	6.5568
2791	6.4608
2792	6.5528
2793	6.539
2794	6.5335
2795	6.517
2796	6.5434
2797	6.5197
2798	6.4934
2799	6.4978
2800	6.5469
2801	6.553
2802	6.4999
2803	6.5548
2804	6.5564
2805	6.5408
2806	6.5087
2807	6.5557
2808	6.5506
2809	6.5159
2810	6.5118
2811	6.5133
2812	6.5024
2813	6.5117
2814	6.5406
2815	6.5236
2816	6.5937
2817	6.5329
2818	6.5877
2819	6.5721
2820	6.5441
2821	6.5077
2822	6.5692
2823	6.5464
2824	6.555
2825	6.4701
2826	6.5548
2827	6.5778
2828	6.5627
2829	6.5455
2830	6.5239
2831	6.5179
2832	6.5537
2833	6.5021
2834	6.5419
2835	6.5143
2836	6.5084
2837	6.5193
2838	6.5523
2839	6.6078
2840	6.5081
2841	6.5483
2842	6.5178
2843	6.5312
2844	6.5721
2845	6.552
2846	6.4975
2847	6.5263
2848	6.5511
2849	6.5492
2850	6.5295
2851	6.4842
2852	6.5726
2853	6.501
2854	6.5331
2855	6.5851
2856	6.5106
2857	6.5437
2858	6.5148
2859	6.5276
2860	6.5816
2861	6.5482
2862	6.5155
2863	6.5361
2864	6.5711
2865	6.5787
2866	6.5032
2867	6.589
2868	6.5434
2869	6.595
2870	6.5517
2871	6.5186
2872	6.5653
2873	6.5335
2874	6.5126
2875	6.5186
2876	6.4967
2877	6.5264
2878	6.5408
2879	6.5635
2880	6.5419
2881	6.5089
2882	6.5118
2883	6.5243
2884	6.5274
2885	6.5091
2886	6.5858
2887	6.5645
2888	6.5853
2889	6.5579
2890	6.5143
2891	6.5593
2892	6.4912
2893	6.536
2894	6.5548
2895	6.5551
2896	6.5362
2897	6.538
2898	6.5537
2899	6.5474
2900	6.4977
2901	6.5494
2902	6.5176
2903	6.534
2904	6.5697
2905	6.5488
2906	6.5194
2907	6.5651
2908	6.5159
2909	6.5081
2910	6.5023
2911	6.6218
2912	6.5576
2913	6.5577
2914	6.4988
2915	6.5433
2916	6.5797
2917	6.5662
2918	6.5326
2919	6.5118
2920	6.6048
2921	6.5216
2922	6.5548
2923	6.5677
2924	6.5081
2925	6.49
2926	6.5209
2927	6.5353
2928	6.5351
2929	6.5266
2930	6.5558
2931	6.5416
2932	6.5659
2933	6.5431
2934	6.5584
2935	6.569
2936	6.5905
2937	6.5834
2938	6.4805
2939	6.6038
2940	6.5125
2941	6.5299
2942	6.5996
2943	6.5664
2944	6.5011
2945	6.5411
2946	6.5605
2947	6.5064
2948	6.5862
2949	6.5599
2950	6.5201
2951	6.563
2952	6.5572
2953	6.5633
2954	6.5055
2955	6.5581
2956	6.5768
2957	6.5244
2958	6.545
2959	6.5379
2960	6.5962
2961	6.5353
2962	6.5263
2963	6.5149
2964	6.5292
2965	6.5306
2966	6.5674
2967	6.5158
2968	6.5837
2969	6.5363
2970	6.5467
2971	6.5777
2972	6.5728
2973	6.5487
2974	6.5159
2975	6.5432
2976	6.5415
2977	6.5188
2978	6.5548
2979	6.5462
2980	6.5425
2981	6.5598
2982	6.5229
2983	6.5759
2984	6.5378
2985	6.5572
2986	6.5526
2987	6.4906
2988	6.5116
2989	6.5529
2990	6.5911
2991	6.4926
2992	6.5342
2993	6.5337
2994	6.5194
2995	6.5503
2996	6.5586
2997	6.5965
2998	6.519
2999	6.5663
3000	6.5406
3001	6.5595
3002	6.6135
3003	6.5752
3004	6.5646
3005	6.521
3006	6.6203
3007	6.5143
3008	6.507
3009	6.5604
3010	6.5701
3011	6.5523
3012	6.537
3013	6.566
3014	6.5413
3015	6.5811
3016	6.5947
3017	6.5187
3018	6.5697
3019	6.5567
3020	6.5419
3021	6.5864
3022	6.4873
3023	6.559
3024	6.5875
3025	6.5308
3026	6.5726
3027	6.5487
3028	6.5975
3029	6.547
3030	6.562
3031	6.5801
3032	6.5633
3033	6.5877
3034	6.5206
3035	6.5702
3036	6.5765
3037	6.632
3038	6.5789
3039	6.512
3040	6.5387
3041	6.5604
3042	6.5442
3043	6.4843
3044	6.54
3045	6.5902
3046	6.5541
3047	6.5469
3048	6.5181
3049	6.6277
3050	6.5275
3051	6.5268
3052	6.528
3053	6.58
3054	6.5507
3055	6.509
3056	6.5286
3057	6.5432
3058	6.5874
3059	6.5156
3060	6.5229
3061	6.5598
3062	6.5364
3063	6.577
3064	6.5867
3065	6.4986
3066	6.5593
3067	6.5467
3068	6.5876
3069	6.5561
3070	6.5789
3071	6.5323
3072	6.5412
3073	6.5589
3074	6.521
3075	6.5705
3076	6.5769
3077	6.5642
3078	6.533
3079	6.5701
3080	6.549
3081	6.5514
3082	6.6066
3083	6.522
3084	6.5887
3085	6.5432
3086	6.6066
3087	6.5862
3088	6.5633
3089	6.5365
3090	6.5559
3091	6.5531
3092	6.5916
3093	6.5834
3094	6.5423
3095	6.578
3096	6.5863
3097	6.6121
3098	6.5656
3099	6.5558
3100	6.5535
3101	6.6112
3102	6.5576
3103	6.5829
3104	6.5325
3105	6.6433
3106	6.6134
3107	6.5506
3108	6.5431
3109	6.62
3110	6.5869
3111	6.5688
3112	6.5679
3113	6.5777
3114	6.5696
3115	6.6277
3116	6.5438
3117	6.549
3118	6.5798
3119	6.563
3120	6.598
3121	6.5691
3122	6.5829
3123	6.5736
3124	6.5627
3125	6.5557
3126	6.5869
3127	6.6168
3128	6.611
3129	6.5643
3130	6.5162
3131	6.6005
3132	6.5494
3133	6.5341
3134	6.5902
3135	6.5471
3136	6.5793
3137	6.5134
3138	6.6067
3139	6.5761
3140	6.5543
3141	6.6228
3142	6.5243
3143	6.6162
3144	6.5836
3145	6.5923
3146	6.6314
3147	6.5488
3148	6.5872
3149	6.6419
3150	6.5781
3151	6.5329
3152	6.6382
3153	6.5991
3154	6.5912
3155	6.5659
3156	6.5527
3157	6.5391
3158	6.5568
3159	6.5652
3160	6.5689
3161	6.5524
3162	6.5928
3163	6.5741
3164	6.5713
3165	6.6041
3166	6.5683
3167	6.5664
3168	6.5879
3169	6.577
3170	6.5621
3171	6.5674
3172	6.6301
3173	6.5593
3174	6.5557
3175	6.563
3176	6.6214
3177	6.5034
3178	6.5848
3179	6.5698
3180	6.5723
3181	6.5358
3182	6.5865
3183	6.5485
3184	6.558
3185	6.6015
3186	6.5551
3187	6.566
3188	6.5224
3189	6.5951
3190	6.5953
3191	6.6262
3192	6.6316
3193	6.5307
3194	6.5967
3195	6.6225
3196	6.5681
3197	6.5823
3198	6.6296
3199	6.6068
3200	6.5504
3201	6.5557
3202	6.5806
3203	6.5668
3204	6.5995
3205	6.5472
3206	6.6096
3207	6.5824
3208	6.5784
3209	6.6327
3210	6.6341
3211	6.5576
3212	6.5971
3213	6.5598
3214	6.5598
3215	6.5689
3216	6.4906
3217	6.5815
3218	6.5797
3219	6.5465
3220	6.5437
3221	6.5523
3222	6.5582
3223	6.538
3224	6.5845
3225	6.5945
3226	6.5795
3227	6.6059
3228	6.6064
3229	6.5887
3230	6.5903
3231	6.6271
3232	6.6095
3233	6.5737
3234	6.5986
3235	6.6186
3236	6.6122
3237	6.5532
3238	6.6021
3239	6.5473
3240	6.5683
3241	6.5844
3242	6.5809
3243	6.6137
3244	6.632
3245	6.6179
3246	6.6199
3247	6.6053
3248	6.545
3249	6.5523
3250	6.5799
3251	6.5075
3252	6.5841
3253	6.5813
3254	6.6667
3255	6.5659
3256	6.5246
3257	6.5992
3258	6.5489
3259	6.5753
3260	6.5195
3261	6.5946
3262	6.5928
3263	6.645
3264	6.5698
3265	6.5625
3266	6.5917
3267	6.5516
3268	6.5439
3269	6.58
3270	6.5531
3271	6.5677
3272	6.594
3273	6.6201
3274	6.5522
3275	6.5677
3276	6.5714
3277	6.6119
3278	6.5873
3279	6.5384
3280	6.6308
3281	6.5771
3282	6.554
3283	6.567
3284	6.5836
3285	6.5707
3286	6.5887
3287	6.5454
3288	6.5931
3289	6.4838
3290	6.6401
3291	6.6239
3292	6.6047
3293	6.5867
3294	6.5449
3295	6.575
3296	6.5892
3297	6.6207
3298	6.6015
3299	6.546
3300	6.5734
3301	6.577
3302	6.5802
3303	6.5775
3304	6.6252
3305	6.581
3306	6.6231
3307	6.6086
3308	6.6099
3309	6.542
3310	6.5996
3311	6.6224
3312	6.5539
3313	6.5832
3314	6.5444
3315	6.6018
3316	6.6243
3317	6.5633
3318	6.5711
3319	6.6326
3320	6.5747
3321	6.5932
3322	6.6117
3323	6.5391
3324	6.6067
3325	6.6331
3326	6.5908
3327	6.5799
3328	6.5963
3329	6.5831
3330	6.5911
3331	6.6118
3332	6.6265
3333	6.601
3334	6.5821
3335	6.6606
3336	6.5991
3337	6.5742
3338	6.5725
3339	6.6006
3340	6.5608
3341	6.6053
3342	6.5531
3343	6.5725
3344	6.6233
3345	6.5505
3346	6.5668
3347	6.5733
3348	6.6226
3349	6.6066
3350	6.6719
3351	6.6058
3352	6.5788
3353	6.5999
3354	6.5512
3355	6.5917
3356	6.5338
3357	6.5776
3358	6.5467
3359	6.627
3360	6.6073
3361	6.5862
3362	6.59
3363	6.5972
3364	6.6259
3365	6.6217
3366	6.6633
3367	6.5857
3368	6.5691
3369	6.563
3370	6.5653
3371	6.5661
3372	6.5688
3373	6.5877
3374	6.5407
3375	6.5788
3376	6.6307
3377	6.6361
3378	6.5914
3379	6.5502
3380	6.5909
3381	6.6002
3382	6.5596
3383	6.6246
3384	6.6573
3385	6.6045
3386	6.5656
3387	6.6257
3388	6.617
3389	6.5582
3390	6.5927
3391	6.5464
3392	6.6129
3393	6.5966
3394	6.5788
3395	6.5635
3396	6.5486
3397	6.6136
3398	6.5998
3399	6.5908
3400	6.6491
3401	6.5691
3402	6.5298
3403	6.6503
3404	6.6406
3405	6.6075
3406	6.6106
3407	6.5833
3408	6.5828
3409	6.6168
3410	6.6011
3411	6.6022
3412	6.5721
3413	6.5895
3414	6.6144
3415	6.6129
3416	6.6108
3417	6.5687
3418	6.6266
3419	6.5536
3420	6.6057
3421	6.6532
3422	6.6281
3423	6.611
3424	6.5897
3425	6.6183
3426	6.6236
3427	6.6013
3428	6.5812
3429	6.6442
3430	6.5353
3431	6.5638
3432	6.5758
3433	6.562
3434	6.6299
3435	6.6088
3436	6.6176
3437	6.6541
3438	6.6246
3439	6.6272
3440	6.5984
3441	6.58
3442	6.615
3443	6.603
3444	6.5709
3445	6.6363
3446	6.6309
3447	6.5625
3448	6.6571
3449	6.5832
3450	6.5778
3451	6.5947
3452	6.5576
3453	6.5666
3454	6.5466
3455	6.5428
3456	6.5832
3457	6.5746
3458	6.5856
3459	6.5955
3460	6.6351
3461	6.6149
3462	6.5837
3463	6.613
3464	6.6541
3465	6.6647
3466	6.5822
3467	6.6188
3468	6.6296
3469	6.597
3470	6.6228
3471	6.5631
3472	6.5747
3473	6.5796
3474	6.6125
3475	6.6053
3476	6.602
3477	6.623
3478	6.5608
3479	6.6111
3480	6.5989
3481	6.5846
3482	6.556
3483	6.6242
3484	6.6032
3485	6.6346
3486	6.6288
3487	6.6272
3488	6.6735
3489	6.6131
3490	6.5513
3491	6.6008
3492	6.626
3493	6.6005
3494	6.6442
3495	6.6482
3496	6.6168
3497	6.63
3498	6.6327
3499	6.6205
3500	6.5817
3501	6.6416
3502	6.6434
3503	6.661
3504	6.5588
3505	6.614
3506	6.5812
3507	6.5757
3508	6.5726
3509	6.6172
3510	6.5876
3511	6.5468
3512	6.6442
3513	6.6396
3514	6.5773
3515	6.5935
3516	6.6064
3517	6.6424
3518	6.612
3519	6.5565
3520	6.6556
3521	6.6067
3522	6.5403
3523	6.5827
3524	6.5778
3525	6.5845
3526	6.6123
3527	6.6296
3528	6.6461
3529	6.5524
3530	6.6694
3531	6.6456
3532	6.631
3533	6.6244
3534	6.5988
3535	6.5997
3536	6.6255
3537	6.5759
3538	6.5331
3539	6.5845
3540	6.6263
3541	6.6288
3542	6.5436
3543	6.5906
3544	6.6337
3545	6.6593
3546	6.577
3547	6.5907
3548	6.681
3549	6.6161
3550	6.5999
3551	6.6124
3552	6.6115
3553	6.644
3554	6.6295
3555	6.5848
3556	6.5923
3557	6.6509
3558	6.639
3559	6.5775
3560	6.6248
3561	6.5602
3562	6.5999
3563	6.5801
3564	6.6365
3565	6.6059
3566	6.625
3567	6.6771
3568	6.5955
3569	6.6363
3570	6.6319
3571	6.6265
3572	6.6079
3573	6.6255
3574	6.6268
3575	6.5979
3576	6.5696
3577	6.6338
3578	6.6009
3579	6.6347
3580	6.5709
3581	6.6646
3582	6.6538
3583	6.608
3584	6.6013
3585	6.5833
3586	6.5684
3587	6.6247
3588	6.5937
3589	6.5902
3590	6.6455
3591	6.6446
3592	6.6005
3593	6.6375
3594	6.6048
3595	6.5864
3596	6.6291
3597	6.6262
3598	6.622
3599	6.6088
3600	6.639
3601	6.6235
3602	6.6317
3603	6.6326
3604	6.6081
3605	6.6355
3606	6.6087
3607	6.6371
3608	6.6345
3609	6.5938
3610	6.6193
3611	6.637
3612	6.629
3613	6.5937
3614	6.5759
3615	6.6005
3616	6.6033
3617	6.5621
3618	6.6389
3619	6.6414
3620	6.5631
3621	6.6455
3622	6.5972
3623	6.6555
3624	6.623
3625	6.6329
3626	6.5693
3627	6.6608
3628	6.6312
3629	6.6162
3630	6.6337
3631	6.6684
3632	6.6647
3633	6.6178
3634	6.5855
3635	6.5735
3636	6.6147
3637	6.6425
3638	6.6056
3639	6.6466
3640	6.655
3641	6.6443
3642	6.5707
3643	6.6466
3644	6.61
3645	6.6031
3646	6.6186
3647	6.5985
3648	6.6153
3649	6.6134
3650	6.5535
3651	6.6169
3652	6.6301
3653	6.6242
3654	6.6475
3655	6.5721
3656	6.6605
3657	6.584
3658	6.6667
3659	6.616
3660	6.6225
3661	6.5741
3662	6.6393
3663	6.621
3664	6.6348
3665	6.6786
3666	6.6513
3667	6.6176
3668	6.6231
3669	6.6561
3670	6.5878
3671	6.6458
3672	6.6794
3673	6.6198
3674	6.5808
3675	6.6114
3676	6.5843
3677	6.6078
3678	6.6055
3679	6.6065
3680	6.6598
3681	6.6053
3682	6.6249
3683	6.635
3684	6.6254
3685	6.5758
3686	6.6207
3687	6.6431
3688	6.6174
3689	6.608
3690	6.6487
3691	6.5459
3692	6.6467
3693	6.639
3694	6.6823
3695	6.6108
3696	6.6178
3697	6.6061
3698	6.6012
3699	6.6414
3700	6.5994
3701	6.6181
3702	6.624
3703	6.6042
3704	6.6309
3705	6.6537
3706	6.615
3707	6.6598
3708	6.6437
3709	6.6247
3710	6.6334
3711	6.5855
3712	6.6324
3713	6.6304
3714	6.7018
3715	6.6163
3716	6.5931
3717	6.6101
3718	6.6173
3719	6.6482
3720	6.6414
3721	6.6775
3722	6.6843
3723	6.603
3724	6.6447
3725	6.6181
3726	6.6217
3727	6.606
3728	6.6904
3729	6.577
3730	6.6225
3731	6.6261
3732	6.6372
3733	6.6626
3734	6.6202
3735	6.6406
3736	6.6254
3737	6.6017
3738	6.6121
3739	6.5691
3740	6.6353
3741	6.6516
3742	6.6235
3743	6.6118
3744	6.6402
3745	6.6289
3746	6.5778
3747	6.6309
3748	6.6088
3749	6.6303
3750	6.5258
3751	6.578
3752	6.5817
3753	6.5985
3754	6.6151
3755	6.6728
3756	6.6013
3757	6.5748
3758	6.6566
3759	6.6229
3760	6.659
3761	6.6333
3762	6.6085
3763	6.5999
3764	6.6387
3765	6.6213
3766	6.6359
3767	6.6607
3768	6.6591
3769	6.6934
3770	6.6118
3771	6.6182
3772	6.6101
3773	6.6707
3774	6.6123
3775	6.6481
3776	6.6228
3777	6.6229
3778	6.651
3779	6.6163
3780	6.5755
3781	6.6744
3782	6.5993
3783	6.6543
3784	6.6471
3785	6.6616
3786	6.6359
3787	6.625
3788	6.6302
3789	6.6836
3790	6.6675
3791	6.6255
3792	6.6765
3793	6.5883
3794	6.6676
3795	6.5903
3796	6.6608
3797	6.636
3798	6.6362
3799	6.6171
3800	6.6546
3801	6.6224
3802	6.6384
3803	6.6599
3804	6.6521
3805	6.6095
3806	6.6301
3807	6.6392
3808	6.6278
3809	6.6394
3810	6.6697
3811	6.6153
3812	6.6225
3813	6.6241
3814	6.6096
3815	6.6412
3816	6.635
3817	6.6262
3818	6.5989
3819	6.6068
3820	6.6741
3821	6.6485
3822	6.6418
3823	6.5911
3824	6.6447
3825	6.6076
3826	6.6467
3827	6.6188
3828	6.6041
3829	6.6541
3830	6.6164
3831	6.6776
3832	6.6446
3833	6.6367
3834	6.65
3835	6.5455
3836	6.6396
3837	6.6569
3838	6.604
3839	6.6176
3840	6.68
3841	6.641
3842	6.6096
3843	6.5908
3844	6.6093
3845	6.7307
3846	6.6532
3847	6.645
3848	6.6239
3849	6.6294
3850	6.6215
3851	6.6102
3852	6.6202
3853	6.6663
3854	6.6263
3855	6.6016
3856	6.6517
3857	6.6519
3858	6.6827
3859	6.6058
3860	6.6601
3861	6.6588
3862	6.6829
3863	6.6341
3864	6.6553
3865	6.6449
3866	6.6041
3867	6.6305
3868	6.6323
3869	6.6426
3870	6.634
3871	6.6415
3872	6.6097
3873	6.6609
3874	6.6807
3875	6.6521
3876	6.6695
3877	6.6217
3878	6.6196
3879	6.7243
3880	6.6238
3881	6.632
3882	6.6295
3883	6.6176
3884	6.6054
3885	6.6506
3886	6.5908
3887	6.6614
3888	6.6135
3889	6.6916
3890	6.6508
3891	6.6915
3892	6.6282
3893	6.6438
3894	6.6295
3895	6.6309
3896	6.6274
3897	6.6848
3898	6.635
3899	6.5833
3900	6.6804
3901	6.6248
3902	6.6152
3903	6.6
3904	6.6172
3905	6.6223
3906	6.6421
3907	6.6724
3908	6.5993
3909	6.6046
3910	6.6327
3911	6.6488
3912	6.6107
3913	6.6191
3914	6.6304
3915	6.639
3916	6.6818
3917	6.6333
3918	6.6812
3919	6.6148
3920	6.656
3921	6.578
3922	6.6816
3923	6.6203
3924	6.6355
3925	6.6259
3926	6.6303
3927	6.644
3928	6.6492
3929	6.6034
3930	6.6547
3931	6.6368
3932	6.622
3933	6.6497
3934	6.6393
3935	6.5906
3936	6.6259
3937	6.7111
3938	6.6191
3939	6.6664
3940	6.6509
3941	6.6883
3942	6.614
3943	6.6576
3944	6.6618
3945	6.6484
3946	6.6387
3947	6.6517
3948	6.7
3949	6.7022
3950	6.6474
3951	6.6784
3952	6.5876
3953	6.6735
3954	6.6363
3955	6.6664
3956	6.6655
3957	6.6486
3958	6.6331
3959	6.6273
3960	6.7042
3961	6.6416
3962	6.6298
3963	6.677
3964	6.6631
3965	6.6408
3966	6.614
3967	6.6363
3968	6.6241
3969	6.6439
3970	6.6446
3971	6.6744
3972	6.6287
3973	6.6243
3974	6.6302
3975	6.6706
3976	6.6301
3977	6.6458
3978	6.6656
3979	6.6771
3980	6.684
3981	6.6392
3982	6.6628
3983	6.6693
3984	6.6736
3985	6.613
3986	6.6651
3987	6.6323
3988	6.6587
3989	6.7008
3990	6.6611
3991	6.6486
3992	6.6752
3993	6.6312
3994	6.6747
3995	6.6261
3996	6.6824
3997	6.6427
3998	6.5988
3999	6.601
4000	6.6818
4001	6.6405
4002	6.6123
4003	6.6557
4004	6.6066
4005	6.6379
4006	6.6497
4007	6.6497
4008	6.6948
4009	6.6414
4010	6.6446
4011	6.6687
4012	6.6293
4013	6.6786
4014	6.6776
4015	6.6285
4016	6.6216
4017	6.6347
4018	6.6566
4019	6.6392
4020	6.6563
4021	6.6537
4022	6.6734
4023	6.6385
4024	6.6146
4025	6.7024
4026	6.6011
4027	6.5862
4028	6.6491
4029	6.5722
4030	6.6683
4031	6.6237
4032	6.6979
4033	6.6761
4034	6.6398
4035	6.6576
4036	6.6017
4037	6.6629
4038	6.6558
4039	6.685
4040	6.6775
4041	6.6577
4042	6.7112
4043	6.6733
4044	6.6657
4045	6.6361
4046	6.694
4047	6.5955
4048	6.6301
4049	6.6269
4050	6.6576
4051	6.605
4052	6.6582
4053	6.6621
4054	6.6663
4055	6.7045
4056	6.6148
4057	6.6326
4058	6.6296
4059	6.6711
4060	6.6303
4061	6.6466
4062	6.6602
4063	6.6308
4064	6.7259
4065	6.5963
4066	6.6147
4067	6.6326
4068	6.6483
4069	6.6795
4070	6.6943
4071	6.6346
4072	6.6435
4073	6.6387
4074	6.6342
4075	6.5564
4076	6.6028
4077	6.6379
4078	6.7174
4079	6.6921
4080	6.6411
4081	6.6501
4082	6.6616
4083	6.6336
4084	6.6799
4085	6.6428
4086	6.6503
4087	6.644
4088	6.5849
4089	6.7005
4090	6.6349
4091	6.6637
4092	6.6304
4093	6.6273
4094	6.6329
4095	6.6795
4096	6.6698
4097	6.6603
4098	6.6802
4099	6.7222
4100	6.6343
4101	6.6478
4102	6.6755
4103	6.6588
4104	6.627
4105	6.608
4106	6.6528
4107	6.6542
4108	6.6523
4109	6.6589
4110	6.6313
4111	6.6302
4112	6.6798
4113	6.6595
4114	6.6472
4115	6.6732
4116	6.641
4117	6.6237
4118	6.6849
4119	6.6564
4120	6.676
4121	6.6401
4122	6.6867
4123	6.6704
4124	6.62
4125	6.6102
4126	6.6384
4127	6.6039
4128	6.6478
4129	6.6619
4130	6.6933
4131	6.6784
4132	6.6353
4133	6.6513
4134	6.6696
4135	6.6784
4136	6.6476
4137	6.6765
4138	6.6699
4139	6.7045
4140	6.6874
4141	6.6447
4142	6.6405
4143	6.6672
4144	6.6444
4145	6.6697
4146	6.6408
4147	6.6879
4148	6.6705
4149	6.6221
4150	6.6581
4151	6.6618
4152	6.6644
4153	6.647
4154	6.7419
4155	6.6856
4156	6.6609
4157	6.6482
4158	6.6874
4159	6.6567
4160	6.6964
4161	6.6345
4162	6.6701
4163	6.7345
4164	6.6625
4165	6.6553
4166	6.7091
4167	6.6998
4168	6.6145
4169	6.6885
4170	6.6182
4171	6.7154
4172	6.6656
4173	6.6818
4174	6.647
4175	6.6671
4176	6.7352
4177	6.6843
4178	6.6904
4179	6.6638
4180	6.6806
4181	6.6985
4182	6.6081
4183	6.6404
4184	6.663
4185	6.6817
4186	6.6662
4187	6.6878
4188	6.7081
4189	6.6424
4190	6.6894
4191	6.6044
4192	6.6821
4193	6.666
4194	6.6975
4195	6.6564
4196	6.6483
4197	6.6586
4198	6.6687
4199	6.6707
4200	6.6447
4201	6.6399
4202	6.7104
4203	6.5847
4204	6.6542
4205	6.6705
4206	6.6778
4207	6.665
4208	6.6719
4209	6.7051
4210	6.6371
4211	6.6709
4212	6.6775
4213	6.6521
4214	6.6629
4215	6.689
4216	6.6428
4217	6.6931
4218	6.7054
4219	6.6322
4220	6.6419
4221	6.7035
4222	6.679
4223	6.6597
4224	6.6475
4225	6.6454
4226	6.6461
4227	6.7414
4228	6.6304
4229	6.6872
4230	6.6658
4231	6.654
4232	6.7681
4233	6.6769
4234	6.6554
4235	6.6591
4236	6.6211
4237	6.6361
4238	6.6484
4239	6.6921
4240	6.6508
4241	6.6754
4242	6.7332
4243	6.6646
4244	6.6822
4245	6.6322
4246	6.6689
4247	6.6527
4248	6.6778
4249	6.6748
4250	6.7121
4251	6.6617
4252	6.7008
4253	6.6877
4254	6.6467
4255	6.6895
4256	6.6764
4257	6.716
4258	6.6481
4259	6.6305
4260	6.6941
4261	6.6958
4262	6.6685
4263	6.6962
4264	6.6568
4265	6.6428
4266	6.678
4267	6.6554
4268	6.6397
4269	6.6489
4270	6.6944
4271	6.6723
4272	6.6728
4273	6.6752
4274	6.6812
4275	6.6624
4276	6.6072
4277	6.6465
4278	6.6894
4279	6.6881
4280	6.6564
4281	6.6506
4282	6.6467
4283	6.656
4284	6.6354
4285	6.6662
4286	6.6846
4287	6.6584
4288	6.6523
4289	6.7103
4290	6.6039
4291	6.6782
4292	6.653
4293	6.7035
4294	6.688
4295	6.634
4296	6.6982
4297	6.6221
4298	6.6555
4299	6.6163
4300	6.6717
4301	6.7161
4302	6.6638
4303	6.6908
4304	6.6659
4305	6.7539
4306	6.6763
4307	6.6704
4308	6.6736
4309	6.6547
4310	6.7158
4311	6.6492
4312	6.6985
4313	6.6681
4314	6.6971
4315	6.6649
4316	6.7199
4317	6.7234
4318	6.6311
4319	6.6124
4320	6.6438
4321	6.6969
4322	6.7515
4323	6.6674
4324	6.6923
4325	6.6708
4326	6.6815
4327	6.6611
4328	6.7283
4329	6.6688
4330	6.6739
4331	6.6876
4332	6.6667
4333	6.6165
4334	6.6612
4335	6.6565
4336	6.7145
4337	6.6874
4338	6.7002
4339	6.664
4340	6.703
4341	6.6893
4342	6.6793
4343	6.6376
4344	6.7225
4345	6.6829
4346	6.6388
4347	6.7223
4348	6.6304
4349	6.6897
4350	6.7284
4351	6.5963
4352	6.681
4353	6.659
4354	6.6442
4355	6.7119
4356	6.6589
4357	6.6642
4358	6.6429
4359	6.724
4360	6.7065
4361	6.6967
4362	6.6821
4363	6.6753
4364	6.6659
4365	6.6884
4366	6.698
4367	6.6382
4368	6.6453
4369	6.6806
4370	6.7171
4371	6.7292
4372	6.7039
4373	6.6146
4374	6.6721
4375	6.6856
4376	6.6881
4377	6.7069
4378	6.6175
4379	6.6624
4380	6.692
4381	6.6271
4382	6.6886
4383	6.7027
4384	6.7527
4385	6.691
4386	6.6517
4387	6.6914
4388	6.6666
4389	6.6595
4390	6.6862
4391	6.712
4392	6.7331
4393	6.6652
4394	6.658
4395	6.6902
4396	6.6982
4397	6.7531
4398	6.6706
4399	6.6681
4400	6.7143
4401	6.6814
4402	6.6697
4403	6.7218
4404	6.6876
4405	6.6921
4406	6.6655
4407	6.6652
4408	6.7105
4409	6.666
4410	6.7036
4411	6.6586
4412	6.6303
4413	6.7045
4414	6.6724
4415	6.712
4416	6.6226
4417	6.679
4418	6.6913
4419	6.6949
4420	6.6851
4421	6.7484
4422	6.6462
4423	6.6939
4424	6.6839
4425	6.7136
4426	6.6778
4427	6.6328
4428	6.6997
4429	6.7202
4430	6.6362
4431	6.6914
4432	6.6685
4433	6.6984
4434	6.6601
4435	6.6436
4436	6.7032
4437	6.6755
4438	6.7393
4439	6.7247
4440	6.6648
4441	6.6509
4442	6.7164
4443	6.7134
4444	6.6822
4445	6.6898
4446	6.6533
4447	6.6595
4448	6.6878
4449	6.7212
4450	6.6641
4451	6.7356
4452	6.6886
4453	6.7069
4454	6.6726
4455	6.7056
4456	6.6652
4457	6.6939
4458	6.73
4459	6.6665
4460	6.6965
4461	6.716
4462	6.7002
4463	6.6242
4464	6.6436
4465	6.704
4466	6.6368
4467	6.7372
4468	6.6725
4469	6.6864
4470	6.67
4471	6.6846
4472	6.7083
4473	6.6648
4474	6.6624
4475	6.6693
4476	6.7078
4477	6.7011
4478	6.7111
4479	6.6414
4480	6.6765
4481	6.6789
4482	6.7216
4483	6.7087
4484	6.7438
4485	6.6865
4486	6.7046
4487	6.7438
4488	6.6932
4489	6.6942
4490	6.7532
4491	6.6638
4492	6.6847
4493	6.6626
4494	6.6138
4495	6.6851
4496	6.7114
4497	6.699
4498	6.6766
4499	6.6863
4500	6.6213
4501	6.6631
4502	6.7012
4503	6.7023
4504	6.7242
4505	6.7244
4506	6.716
4507	6.7015
4508	6.7378
4509	6.663
4510	6.6503
4511	6.7125
4512	6.7109
4513	6.7188
4514	6.6827
4515	6.7111
4516	6.7052
4517	6.6566
4518	6.628
4519	6.6512
4520	6.6881
4521	6.7043
4522	6.6967
4523	6.6985
4524	6.7083
4525	6.6241
4526	6.7151
4527	6.6899
4528	6.6692
4529	6.6935
4530	6.6697
4531	6.7181
4532	6.6798
4533	6.7072
4534	6.689
4535	6.664
4536	6.6803
4537	6.6537
4538	6.6564
4539	6.6981
4540	6.7121
4541	6.718
4542	6.7304
4543	6.7223
4544	6.708
4545	6.6911
4546	6.6796
4547	6.7134
4548	6.6633
4549	6.7032
4550	6.6276
4551	6.6686
4552	6.6903
4553	6.7216
4554	6.7414
4555	6.7086
4556	6.7265
4557	6.6762
4558	6.6935
4559	6.7596
4560	6.6735
4561	6.7092
4562	6.6616
4563	6.7635
4564	6.697
4565	6.6877
4566	6.7499
4567	6.6257
4568	6.7093
4569	6.74
4570	6.7295
4571	6.7393
4572	6.718
4573	6.7215
4574	6.7022
4575	6.6657
4576	6.7167
4577	6.7163
4578	6.6739
4579	6.693
4580	6.6984
4581	6.7206
4582	6.7281
4583	6.6821
4584	6.638
4585	6.6953
4586	6.6957
4587	6.6839
4588	6.6461
4589	6.7011
4590	6.6455
4591	6.7145
4592	6.699
4593	6.7046
4594	6.7027
4595	6.7168
4596	6.7304
4597	6.6474
4598	6.6696
4599	6.6772
4600	6.7301
4601	6.756
4602	6.6509
4603	6.6785
4604	6.6433
4605	6.7109
4606	6.6733
4607	6.663
4608	6.6516
4609	6.7007
4610	6.6801
4611	6.7024
4612	6.6794
4613	6.7129
4614	6.698
4615	6.7024
4616	6.6942
4617	6.72
4618	6.6864
4619	6.7665
4620	6.7035
4621	6.6821
4622	6.7262
4623	6.7881
4624	6.7162
4625	6.6275
4626	6.7036
4627	6.6759
4628	6.6872
4629	6.7392
4630	6.7318
4631	6.7418
4632	6.6735
4633	6.678
4634	6.6888
4635	6.7611
4636	6.7015
4637	6.708
4638	6.6902
4639	6.7151
4640	6.7439
4641	6.7284
4642	6.6882
4643	6.7326
4644	6.6722
4645	6.6869
4646	6.6993
4647	6.7428
4648	6.7092
4649	6.69
4650	6.7308
4651	6.6767
4652	6.7046
4653	6.6707
4654	6.6989
4655	6.6759
4656	6.7118
4657	6.6999
4658	6.6603
4659	6.6542
4660	6.6802
4661	6.6843
4662	6.6801
4663	6.7045
4664	6.7274
4665	6.7264
4666	6.761
4667	6.7236
4668	6.6394
4669	6.7069
4670	6.7047
4671	6.6995
4672	6.7128
4673	6.6915
4674	6.7081
4675	6.672
4676	6.7172
4677	6.7044
4678	6.6728
4679	6.6927
4680	6.7347
4681	6.7184
4682	6.7741
4683	6.7479
4684	6.6707
4685	6.6941
4686	6.7851
4687	6.6762
4688	6.6659
4689	6.7097
4690	6.6666
4691	6.754
4692	6.6886
4693	6.6498
4694	6.6957
4695	6.7483
4696	6.6714
4697	6.6918
4698	6.7262
4699	6.7012
4700	6.7173
4701	6.6945
4702	6.7057
4703	6.7506
4704	6.7333
4705	6.7326
4706	6.7136
4707	6.7167
4708	6.6983
4709	6.6825
4710	6.6873
4711	6.7085
4712	6.6828
4713	6.708
4714	6.6998
4715	6.737
4716	6.7155
4717	6.7151
4718	6.7131
4719	6.7197
4720	6.6881
4721	6.7164
4722	6.7385
4723	6.7474
4724	6.6696
4725	6.6843
4726	6.7042
4727	6.6843
4728	6.7088
4729	6.6774
4730	6.7332
4731	6.696
4732	6.6944
4733	6.7074
4734	6.6675
4735	6.7029
4736	6.6762
4737	6.7178
4738	6.7247
4739	6.6825
4740	6.7051
4741	6.6621
4742	6.7273
4743	6.7243
4744	6.7174
4745	6.6761
4746	6.7024
4747	6.6972
4748	6.7036
4749	6.6796
4750	6.6877
4751	6.7178
4752	6.7015
4753	6.6967
4754	6.7347
4755	6.7295
4756	6.7013
4757	6.6989
4758	6.7302
4759	6.7031
4760	6.7386
4761	6.726
4762	6.7227
4763	6.7086
4764	6.7255
4765	6.6945
4766	6.6994
4767	6.6685
4768	6.6835
4769	6.7226
4770	6.7258
4771	6.7053
4772	6.6933
4773	6.6741
4774	6.6817
4775	6.7273
4776	6.7356
4777	6.7207
4778	6.7383
4779	6.7031
4780	6.7152
4781	6.6852
4782	6.7226
4783	6.6696
4784	6.7068
4785	6.6725
4786	6.7495
4787	6.686
4788	6.6865
4789	6.6971
4790	6.7205
4791	6.7463
4792	6.7495
4793	6.7173
4794	6.6752
4795	6.7153
4796	6.7138
4797	6.7483
4798	6.7148
4799	6.745
4800	6.7257
4801	6.7049
4802	6.7031
4803	6.7146
4804	6.6995
4805	6.6646
4806	6.7405
4807	6.7176
4808	6.7359
4809	6.6887
4810	6.7586
4811	6.652
4812	6.7068
4813	6.707
4814	6.7359
4815	6.7103
4816	6.7493
4817	6.7521
4818	6.756
4819	6.7318
4820	6.7264
4821	6.7015
4822	6.6877
4823	6.731
4824	6.664
4825	6.7067
4826	6.6944
4827	6.6967 