0	0
1	0.041
2	0.0696
3	0.0721
4	0.1039
5	0.1378
6	0.1458
7	0.1883
8	0.2052
9	0.1913
10	0.2477
11	0.2638
12	0.3052
13	0.277
14	0.3468
15	0.3514
16	0.3616
17	0.3957
18	0.408
19	0.4405
20	0.4651
21	0.5102
22	0.4894
23	0.4982
24	0.5454
25	0.5684
26	0.6071
27	0.6231
28	0.6332
29	0.6315
30	0.6535
31	0.6763
32	0.7221
33	0.7207
34	0.7256
35	0.7299
36	0.7987
37	0.7986
38	0.8062
39	0.845
40	0.8877
41	0.8801
42	0.9053
43	0.8962
44	0.9173
45	0.9704
46	0.9739
47	1.0053
48	1.0074
49	1.044
50	1.0413
51	1.0803
52	1.0753
53	1.1001
54	1.1172
55	1.141
56	1.1686
57	1.2002
58	1.1802
59	1.2295
60	1.2321
61	1.2558
62	1.2717
63	1.2809
64	1.2927
65	1.3082
66	1.3459
67	1.3556
68	1.362
69	1.3774
70	1.4183
71	1.431
72	1.4425
73	1.4429
74	1.4712
75	1.4767
76	1.5122
77	1.5289
78	1.5394
79	1.5537
80	1.573
81	1.6093
82	1.601
83	1.6142
84	1.6393
85	1.655
86	1.6806
87	1.6814
88	1.6955
89	1.7087
90	1.7302
91	1.7598
92	1.7465
93	1.7947
94	1.7831
95	1.8184
96	1.8194
97	1.8537
98	1.8512
99	1.8601
100	1.9
101	1.9018
102	1.9431
103	1.9175
104	1.9347
105	1.9409
106	1.9704
107	2.0134
108	2.0181
109	2.0117
110	2.053
111	2.0584
112	2.0747
113	2.0824
114	2.0823
115	2.105
116	2.1296
117	2.1548
118	2.1622
119	2.1695
120	2.1748
121	2.1964
122	2.2153
123	2.2188
124	2.2379
125	2.2475
126	2.2651
127	2.2671
128	2.2977
129	2.3043
130	2.3208
131	2.3257
132	2.35
133	2.3753
134	2.3768
135	2.383
136	2.3938
137	2.4189
138	2.4422
139	2.4498
140	2.4392
141	2.4738
142	2.4858
143	2.49
144	2.5197
145	2.5283
146	2.5272
147	2.5513
148	2.5665
149	2.5695
150	2.5868
151	2.6094
152	2.6157
153	2.6315
154	2.625
155	2.6513
156	2.6658
157	2.7018
158	2.7024
159	2.697
160	2.7268
161	2.7317
162	2.7426
163	2.7633
164	2.7677
165	2.7789
166	2.7884
167	2.8087
168	2.818
169	2.8271
170	2.8524
171	2.8512
172	2.8644
173	2.8689
174	2.8858
175	2.8922
176	2.8992
177	2.9162
178	2.9499
179	2.9466
180	2.9586
181	2.9811
182	2.9873
183	2.9991
184	3.0118
185	3.0158
186	3.0236
187	3.0517
188	3.0488
189	3.0694
190	3.0767
191	3.0796
192	3.0921
193	3.1132
194	3.1238
195	3.1203
196	3.1225
197	3.1425
198	3.1687
199	3.1774
200	3.1879
201	3.1912
202	3.2048
203	3.2274
204	3.2284
205	3.2287
206	3.2512
207	3.256
208	3.2509
209	3.2888
210	3.288
211	3.2964
212	3.3121
213	3.3167
214	3.3297
215	3.3545
216	3.3427
217	3.3612
218	3.3741
219	3.3851
220	3.3937
221	3.4005
222	3.4137
223	3.4294
224	3.432
225	3.4446
226	3.4527
227	3.4626
228	3.4836
229	3.4845
230	3.4954
231	3.5126
232	3.5173
233	3.5246
234	3.5357
235	3.5369
236	3.5613
237	3.5651
238	3.5694
239	3.5862
240	3.5884
241	3.5899
242	3.6076
243	3.615
244	3.6142
245	3.6269
246	3.6398
247	3.6661
248	3.6547
249	3.663
250	3.6831
251	3.6926
252	3.6992
253	3.7073
254	3.7281
255	3.7326
256	3.7387
257	3.7517
258	3.7571
259	3.7688
260	3.7794
261	3.7793
262	3.7762
263	3.7972
264	3.8104
265	3.8107
266	3.8182
267	3.831
268	3.831
269	3.8516
270	3.8544
271	3.8596
272	3.8689
273	3.8877
274	3.8868
275	3.8876
276	3.9038
277	3.9099
278	3.9278
279	3.9258
280	3.9366
281	3.9444
282	3.9498
283	3.9648
284	3.9627
285	3.9734
286	3.9803
287	4.0025
288	4.0074
289	4.0098
290	4.0174
291	4.0281
292	4.0361
293	4.0372
294	4.0427
295	4.0523
296	4.0661
297	4.0794
298	4.0781
299	4.0804
300	4.0897
301	4.1039
302	4.1002
303	4.1122
304	4.1252
305	4.1265
306	4.1328
307	4.1413
308	4.1536
309	4.1685
310	4.1609
311	4.1722
312	4.1781
313	4.1831
314	4.1959
315	4.2016
316	4.2063
317	4.2101
318	4.2198
319	4.2316
320	4.2397
321	4.2386
322	4.2624
323	4.2637
324	4.271
325	4.2681
326	4.2818
327	4.2814
328	4.2983
329	4.2976
330	4.3093
331	4.315
332	4.3259
333	4.3231
334	4.334
335	4.3371
336	4.3464
337	4.352
338	4.3542
339	4.3671
340	4.3742
341	4.3817
342	4.3763
343	4.3886
344	4.3958
345	4.3991
346	4.4032
347	4.4073
348	4.4181
349	4.4244
350	4.4238
351	4.4344
352	4.4395
353	4.4468
354	4.4519
355	4.453
356	4.4594
357	4.4684
358	4.4781
359	4.4744
360	4.4893
361	4.4972
362	4.5008
363	4.51
364	4.5083
365	4.532
366	4.5192
367	4.5228
368	4.527
369	4.5385
370	4.5483
371	4.5586
372	4.5508
373	4.5591
374	4.565
375	4.5664
376	4.5832
377	4.5844
378	4.5825
379	4.5939
380	4.597
381	4.5922
382	4.5995
383	4.6112
384	4.6088
385	4.6195
386	4.6289
387	4.6297
388	4.6352
389	4.6398
390	4.6385
391	4.6472
392	4.6547
393	4.6608
394	4.6586
395	4.6697
396	4.6684
397	4.6724
398	4.6824
399	4.6795
400	4.6923
401	4.7009
402	4.6984
403	4.7007
404	4.7054
405	4.7158
406	4.7205
407	4.7218
408	4.736
409	4.7366
410	4.7367
411	4.7416
412	4.7414
413	4.7514
414	4.7519
415	4.7602
416	4.7533
417	4.7706
418	4.7761
419	4.7745
420	4.7791
421	4.7864
422	4.7878
423	4.7965
424	4.7977
425	4.8048
426	4.8102
427	4.8143
428	4.799
429	4.8143
430	4.8189
431	4.83
432	4.82
433	4.8307
434	4.8363
435	4.8377
436	4.8406
437	4.8446
438	4.8464
439	4.8559
440	4.8623
441	4.8603
442	4.8644
443	4.8709
444	4.8751
445	4.8741
446	4.8778
447	4.883
448	4.8858
449	4.8876
450	4.8913
451	4.8935
452	4.898
453	4.8927
454	4.9036
455	4.9057
456	4.9174
457	4.9196
458	4.9259
459	4.9308
460	4.9321
461	4.9393
462	4.9341
463	4.9381
464	4.9391
465	4.9483
466	4.9611
467	4.959
468	4.9611
469	4.9633
470	4.9706
471	4.9678
472	4.9696
473	4.981
474	4.9815
475	4.9798
476	4.9881
477	4.9858
478	4.9978
479	5.0021
480	5.0003
481	5.0017
482	5.006
483	5.0095
484	5.0178
485	5.0111
486	5.017
487	5.0264
488	5.0277
489	5.0276
490	5.0329
491	5.0292
492	5.0356
493	5.0323
494	5.0437
495	5.0482
496	5.0462
497	5.0545
498	5.0589
499	5.0585
500	5.0527
501	5.0661
502	5.0649
503	5.0662
504	5.0685
505	5.0699
506	5.0772
507	5.0771
508	5.0791
509	5.0778
510	5.0848
511	5.0919
512	5.0926
513	5.0901
514	5.0961
515	5.0997
516	5.1015
517	5.0989
518	5.1086
519	5.1045
520	5.1099
521	5.1155
522	5.1057
523	5.1135
524	5.123
525	5.1227
526	5.1296
527	5.1161
528	5.124
529	5.1379
530	5.1335
531	5.1432
532	5.1469
533	5.1358
534	5.1487
535	5.1469
536	5.1495
537	5.1546
538	5.1574
539	5.1657
540	5.1709
541	5.1708
542	5.1676
543	5.1714
544	5.1722
545	5.1776
546	5.178
547	5.177
548	5.1793
549	5.1872
550	5.1838
551	5.1835
552	5.1837
553	5.1947
554	5.1955
555	5.1938
556	5.1939
557	5.1894
558	5.2004
559	5.2083
560	5.208
561	5.2092
562	5.2085
563	5.2089
564	5.215
565	5.2143
566	5.2165
567	5.2166
568	5.218
569	5.223
570	5.2215
571	5.2285
572	5.2218
573	5.229
574	5.2311
575	5.2302
576	5.2253
577	5.2364
578	5.2338
579	5.2356
580	5.235
581	5.2407
582	5.2376
583	5.245
584	5.2467
585	5.2398
586	5.2497
587	5.2515
588	5.2535
589	5.2561
590	5.2542
591	5.2514
592	5.2601
593	5.2549
594	5.2646
595	5.2556
596	5.2637
597	5.2663
598	5.2687
599	5.2697
600	5.2653
601	5.2673
602	5.2693
603	5.2722
604	5.2732
605	5.2739
606	5.2745
607	5.2731
608	5.28
609	5.2805
610	5.2803
611	5.2782
612	5.2883
613	5.2817
614	5.2829
615	5.2858
616	5.2895
617	5.2862
618	5.2929
619	5.2963
620	5.2874
621	5.2921
622	5.2915
623	5.2996
624	5.2967
625	5.2968
626	5.2973
627	5.3008
628	5.304
629	5.3059
630	5.3025
631	5.3056
632	5.3091
633	5.3056
634	5.3037
635	5.3079
636	5.3033
637	5.3079
638	5.3132
639	5.3123
640	5.3068
641	5.3181
642	5.3193
643	5.3156
644	5.3206
645	5.3164
646	5.3167
647	5.3204
648	5.3214
649	5.3219
650	5.3221
651	5.3273
652	5.3221
653	5.3282
654	5.3157
655	5.3279
656	5.327
657	5.3273
658	5.3267
659	5.3365
660	5.3373
661	5.3284
662	5.3337
663	5.3402
664	5.3349
665	5.3321
666	5.3355
667	5.3368
668	5.3388
669	5.3381
670	5.3418
671	5.3332
672	5.3365
673	5.3412
674	5.3386
675	5.3388
676	5.3424
677	5.344
678	5.3419
679	5.343
680	5.3444
681	5.3469
682	5.3495
683	5.3458
684	5.3478
685	5.3517
686	5.35
687	5.3439
688	5.3498
689	5.3492
690	5.3533
691	5.3442
692	5.3455
693	5.3481
694	5.3605
695	5.361
696	5.3542
697	5.3642
698	5.3666
699	5.3709
700	5.3569
701	5.3575
702	5.3606
703	5.3669
704	5.3681
705	5.3608
706	5.3628
707	5.3656
708	5.3692
709	5.3666
710	5.369
711	5.3759
712	5.375
713	5.368
714	5.3724
715	5.374
716	5.3756
717	5.3739
718	5.3727
719	5.378
720	5.3795
721	5.3767
722	5.385
723	5.3764
724	5.3745
725	5.3828
726	5.3816
727	5.3803
728	5.3801
729	5.3812
730	5.3841
731	5.3789
732	5.378
733	5.3788
734	5.385
735	5.3813
736	5.3774
737	5.3812
738	5.3866
739	5.3876
740	5.3832
741	5.3798
742	5.3848
743	5.3854
744	5.3892
745	5.3737
746	5.3832
747	5.3837
748	5.3838
749	5.3884
750	5.3867
751	5.3833
752	5.3852
753	5.3916
754	5.3889
755	5.385
756	5.388
757	5.3887
758	5.3898
759	5.3879
760	5.3872
761	5.3897
762	5.3881
763	5.3888
764	5.3851
765	5.3851
766	5.3877
767	5.3908
768	5.3914
769	5.3835
770	5.3867
771	5.39
772	5.392
773	5.3867
774	5.3868
775	5.3907
776	5.3968
777	5.3882
778	5.3923
779	5.3918
780	5.3892
781	5.3951
782	5.3912
783	5.3896
784	5.3922
785	5.3958
786	5.4
787	5.3996
788	5.3936
789	5.3958
790	5.3939
791	5.398
792	5.3924
793	5.3926
794	5.3986
795	5.3962
796	5.3962
797	5.3938
798	5.3983
799	5.4
800	5.4003
801	5.3955
802	5.3943
803	5.3921
804	5.3965
805	5.3976
806	5.397
807	5.3929
808	5.3932
809	5.3977
810	5.3957
811	5.3952
812	5.3962
813	5.3949
814	5.3927
815	5.3922
816	5.3955
817	5.393
818	5.3964
819	5.3915
820	5.393
821	5.3947
822	5.393
823	5.3973
824	5.3943
825	5.3975
826	5.3989
827	5.3956
828	5.3953
829	5.3964
830	5.3958
831	5.3983
832	5.3996
833	5.3974
834	5.3935
835	5.3963
836	5.3986
837	5.4002
838	5.3957
839	5.3937
840	5.3972
841	5.398
842	5.395
843	5.3912
844	5.3951
845	5.3989
846	5.3986
847	5.3964
848	5.3947
849	5.3926
850	5.391
851	5.3961
852	5.3999
853	5.3932
854	5.3936
855	5.4023
856	5.3931
857	5.3957
858	5.3953
859	5.3953
860	5.3927
861	5.4003
862	5.3954
863	5.3938
864	5.3958
865	5.3927
866	5.3955
867	5.396
868	5.3882
869	5.3949
870	5.3923
871	5.3968
872	5.3934
873	5.391
874	5.3961
875	5.3964
876	5.3936
877	5.3888
878	5.3946
879	5.3925
880	5.395
881	5.3924
882	5.3912
883	5.3926
884	5.3956
885	5.3934
886	5.3924
887	5.3891
888	5.3925
889	5.3913
890	5.3903
891	5.3916
892	5.3895
893	5.3912
894	5.3946
895	5.3893
896	5.3861
897	5.3929
898	5.3918
899	5.3885
900	5.3844
901	5.3898
902	5.3906
903	5.3907
904	5.3863
905	5.3875
906	5.3918
907	5.3936
908	5.3885
909	5.3844
910	5.3886
911	5.3849
912	5.385
913	5.392
914	5.3848
915	5.3892
916	5.3893
917	5.3892
918	5.3889
919	5.3826
920	5.3853
921	5.3887
922	5.3904
923	5.3871
924	5.3848
925	5.3849
926	5.3865
927	5.3857
928	5.3874
929	5.3827
930	5.3858
931	5.3886
932	5.3829
933	5.3868
934	5.3777
935	5.3853
936	5.3883
937	5.3837
938	5.3785
939	5.3815
940	5.3832
941	5.3855
942	5.3828
943	5.383
944	5.384
945	5.3817
946	5.3824
947	5.3794
948	5.3791
949	5.3796
950	5.3786
951	5.3852
952	5.3819
953	5.3744
954	5.3797
955	5.3816
956	5.383
957	5.3763
958	5.3761
959	5.3808
960	5.3835
961	5.3772
962	5.3748
963	5.3776
964	5.38
965	5.3812
966	5.378
967	5.3768
968	5.3777
969	5.3798
970	5.3801
971	5.375
972	5.3713
973	5.3757
974	5.3788
975	5.3779
976	5.3741
977	5.3706
978	5.3705
979	5.3758
980	5.373
981	5.3706
982	5.373
983	5.3733
984	5.3771
985	5.3676
986	5.374
987	5.3669
988	5.377
989	5.3707
990	5.3687
991	5.3695
992	5.3653
993	5.3712
994	5.3693
995	5.3633
996	5.3692
997	5.3727
998	5.37
999	5.3697
1000	5.3687
1001	5.3681
1002	5.3677
1003	5.3678
1004	5.3651
1005	5.3645
1006	5.3667
1007	5.3714
1008	5.3638
1009	5.3615
1010	5.3668
1011	5.3692
1012	5.3629
1013	5.3646
1014	5.3637
1015	5.3579
1016	5.3611
1017	5.3628
1018	5.3627
1019	5.3609
1020	5.3633
1021	5.363
1022	5.3604
1023	5.359
1024	5.3645
1025	5.3598
1026	5.3602
1027	5.3596
1028	5.3613
1029	5.3636
1030	5.3549
1031	5.3522
1032	5.3569
1033	5.3622
1034	5.3608
1035	5.3511
1036	5.3493
1037	5.3528
1038	5.3583
1039	5.3528
1040	5.3531
1041	5.3535
1042	5.3485
1043	5.352
1044	5.356
1045	5.3432
1046	5.3501
1047	5.3553
1048	5.3525
1049	5.3498
1050	5.3501
1051	5.3566
1052	5.3482
1053	5.3503
1054	5.3474
1055	5.3503
1056	5.3485
1057	5.3472
1058	5.3427
1059	5.3462
1060	5.3426
1061	5.3491
1062	5.3408
1063	5.3464
1064	5.3453
1065	5.345
1066	5.3409
1067	5.3469
1068	5.3446
1069	5.3472
1070	5.344
1071	5.3408
1072	5.3441
1073	5.347
1074	5.3433
1075	5.3435
1076	5.3393
1077	5.345
1078	5.3454
1079	5.3405
1080	5.3386
1081	5.3416
1082	5.3387
1083	5.3421
1084	5.3428
1085	5.3381
1086	5.3382
1087	5.3436
1088	5.3281
1089	5.3355
1090	5.3389
1091	5.3325
1092	5.3343
1093	5.3336
1094	5.3352
1095	5.3318
1096	5.3334
1097	5.3308
1098	5.3303
1099	5.3355
1100	5.334
1101	5.3326
1102	5.3323
1103	5.3314
1104	5.3311
1105	5.3293
1106	5.3281
1107	5.3263
1108	5.3389
1109	5.3303
1110	5.3245
1111	5.3296
1112	5.3308
1113	5.3279
1114	5.3286
1115	5.3283
1116	5.3293
1117	5.3337
1118	5.3207
1119	5.3202
1120	5.3227
1121	5.3272
1122	5.326
1123	5.3214
1124	5.3197
1125	5.3205
1126	5.3234
1127	5.3209
1128	5.3155
1129	5.3232
1130	5.3235
1131	5.3265
1132	5.3166
1133	5.3162
1134	5.3199
1135	5.3179
1136	5.3156
1137	5.3135
1138	5.3148
1139	5.3194
1140	5.3234
1141	5.3157
1142	5.3122
1143	5.3115
1144	5.319
1145	5.3161
1146	5.3071
1147	5.3145
1148	5.3171
1149	5.3121
1150	5.3071
1151	5.3142
1152	5.314
1153	5.311
1154	5.3112
1155	5.3141
1156	5.3089
1157	5.3128
1158	5.3143
1159	5.3087
1160	5.3104
1161	5.3067
1162	5.3073
1163	5.3113
1164	5.303
1165	5.3114
1166	5.3058
1167	5.305
1168	5.308
1169	5.3026
1170	5.3066
1171	5.3101
1172	5.3074
1173	5.3036
1174	5.3024
1175	5.3073
1176	5.2982
1177	5.3018
1178	5.3015
1179	5.3066
1180	5.3002
1181	5.2993
1182	5.3007
1183	5.3008
1184	5.3024
1185	5.2938
1186	5.2942
1187	5.2932
1188	5.3046
1189	5.2981
1190	5.2938
1191	5.2951
1192	5.2922
1193	5.2993
1194	5.2963
1195	5.299
1196	5.2992
1197	5.2932
1198	5.2929
1199	5.2928
1200	5.291
1201	5.2948
1202	5.2946
1203	5.2951
1204	5.2872
1205	5.2924
1206	5.2916
1207	5.2917
1208	5.2943
1209	5.2898
1210	5.2922
1211	5.2941
1212	5.2899
1213	5.2874
1214	5.2922
1215	5.2896
1216	5.2896
1217	5.2855
1218	5.2867
1219	5.2867
1220	5.2873
1221	5.2792
1222	5.2836
1223	5.2829
1224	5.2857
1225	5.2801
1226	5.2819
1227	5.2833
1228	5.2811
1229	5.2839
1230	5.2802
1231	5.2804
1232	5.2778
1233	5.2789
1234	5.2848
1235	5.2777
1236	5.2776
1237	5.2784
1238	5.2777
1239	5.2781
1240	5.2775
1241	5.2724
1242	5.2704
1243	5.2815
1244	5.2757
1245	5.2773
1246	5.2708
1247	5.2747
1248	5.2756
1249	5.2802
1250	5.2707
1251	5.2743
1252	5.2723
1253	5.2716
1254	5.2726
1255	5.2725
1256	5.2712
1257	5.2748
1258	5.269
1259	5.27
1260	5.2742
1261	5.2694
1262	5.2693
1263	5.271
1264	5.2676
1265	5.2687
1266	5.2713
1267	5.2692
1268	5.267
1269	5.2637
1270	5.2722
1271	5.2582
1272	5.2634
1273	5.2686
1274	5.266
1275	5.2608
1276	5.2606
1277	5.2685
1278	5.2573
1279	5.2591
1280	5.2643
1281	5.2692
1282	5.2654
1283	5.262
1284	5.2603
1285	5.2633
1286	5.2599
1287	5.2629
1288	5.261
1289	5.2542
1290	5.2606
1291	5.2659
1292	5.2553
1293	5.2636
1294	5.2583
1295	5.2633
1296	5.26
1297	5.2597
1298	5.2595
1299	5.2549
1300	5.2553
1301	5.2577
1302	5.2559
1303	5.2545
1304	5.2557
1305	5.2534
1306	5.251
1307	5.2466
1308	5.2559
1309	5.2605
1310	5.2516
1311	5.247
1312	5.2522
1313	5.2562
1314	5.2617
1315	5.2543
1316	5.253
1317	5.2513
1318	5.2484
1319	5.2484
1320	5.2518
1321	5.2535
1322	5.26
1323	5.248
1324	5.2486
1325	5.2497
1326	5.2517
1327	5.2507
1328	5.2487
1329	5.2476
1330	5.2502
1331	5.2605
1332	5.2462
1333	5.2456
1334	5.25
1335	5.2497
1336	5.2457
1337	5.2443
1338	5.2505
1339	5.2449
1340	5.2451
1341	5.2393
1342	5.2402
1343	5.2417
1344	5.2399
1345	5.2387
1346	5.2409
1347	5.2401
1348	5.2447
1349	5.2439
1350	5.2437
1351	5.2394
1352	5.2435
1353	5.2376
1354	5.2437
1355	5.2371
1356	5.2399
1357	5.2466
1358	5.2396
1359	5.2339
1360	5.2326
1361	5.2408
1362	5.2376
1363	5.2416
1364	5.2355
1365	5.2353
1366	5.2392
1367	5.2364
1368	5.2404
1369	5.2314
1370	5.2361
1371	5.2407
1372	5.2377
1373	5.241
1374	5.2361
1375	5.2386
1376	5.2336
1377	5.2319
1378	5.2285
1379	5.2345
1380	5.235
1381	5.2352
1382	5.229
1383	5.2244
1384	5.233
1385	5.2336
1386	5.2326
1387	5.2262
1388	5.2355
1389	5.2308
1390	5.2307
1391	5.2341
1392	5.2237
1393	5.2265
1394	5.229
1395	5.2329
1396	5.2279
1397	5.222
1398	5.2302
1399	5.2289
1400	5.2268
1401	5.2282
1402	5.2235
1403	5.2282
1404	5.2273
1405	5.226
1406	5.2249
1407	5.2294
1408	5.228
1409	5.2251
1410	5.218
1411	5.2276
1412	5.2303
1413	5.2202
1414	5.2276
1415	5.2291
1416	5.2232
1417	5.2182
1418	5.2244
1419	5.2213
1420	5.224
1421	5.23
1422	5.2222
1423	5.2216
1424	5.2272
1425	5.2279
1426	5.223
1427	5.217
1428	5.2266
1429	5.2244
1430	5.2218
1431	5.2195
1432	5.2236
1433	5.2238
1434	5.2233
1435	5.2157
1436	5.2192
1437	5.2184
1438	5.221
1439	5.2202
1440	5.2119
1441	5.2115
1442	5.2165
1443	5.2153
1444	5.2156
1445	5.2151
1446	5.2141
1447	5.2193
1448	5.2143
1449	5.2119
1450	5.2217
1451	5.2172
1452	5.2111
1453	5.212
1454	5.2115
1455	5.2206
1456	5.2215
1457	5.217
1458	5.2207
1459	5.2112
1460	5.2112
1461	5.2125
1462	5.2141
1463	5.2076
1464	5.212
1465	5.2161
1466	5.218
1467	5.2113
1468	5.2144
1469	5.2096
1470	5.2086
1471	5.2126
1472	5.2101
1473	5.2079
1474	5.2147
1475	5.212
1476	5.2094
1477	5.2049
1478	5.2118
1479	5.2021
1480	5.2144
1481	5.2116
1482	5.2038
1483	5.2097
1484	5.209
1485	5.2067
1486	5.2084
1487	5.2133
1488	5.2101
1489	5.2047
1490	5.2071
1491	5.2041
1492	5.2111
1493	5.2065
1494	5.2034
1495	5.2017
1496	5.2099
1497	5.2085
1498	5.2081
1499	5.2042
1500	5.2072
1501	5.2101
1502	5.2099
1503	5.2081
1504	5.1981
1505	5.2003
1506	5.2054
1507	5.2063
1508	5.2047
1509	5.2073
1510	5.2019
1511	5.2042
1512	5.2002
1513	5.2009
1514	5.2037
1515	5.2036
1516	5.2068
1517	5.1965
1518	5.2024
1519	5.2116
1520	5.2004
1521	5.2004
1522	5.1951
1523	5.1977
1524	5.2059
1525	5.2028
1526	5.1996
1527	5.1997
1528	5.1962
1529	5.1937
1530	5.1916
1531	5.2002
1532	5.2039
1533	5.2024
1534	5.2007
1535	5.1957
1536	5.1957
1537	5.1997
1538	5.1949
1539	5.1942
1540	5.1957
1541	5.1987
1542	5.1971
1543	5.1944
1544	5.1929
1545	5.1985
1546	5.1964
1547	5.1967
1548	5.1971
1549	5.1934
1550	5.1925
1551	5.1993
1552	5.201
1553	5.1986
1554	5.1934
1555	5.1955
1556	5.2007
1557	5.1921
1558	5.1949
1559	5.1945
1560	5.196
1561	5.1974
1562	5.1944
1563	5.1902
1564	5.1941
1565	5.1959
1566	5.1906
1567	5.1885
1568	5.1977
1569	5.1922
1570	5.1984
1571	5.1914
1572	5.1917
1573	5.1977
1574	5.19
1575	5.1938
1576	5.1911
1577	5.1943
1578	5.1898
1579	5.1885
1580	5.1918
1581	5.1888
1582	5.1939
1583	5.1866
1584	5.1859
1585	5.1806
1586	5.1862
1587	5.1935
1588	5.1902
1589	5.186
1590	5.1907
1591	5.187
1592	5.1845
1593	5.1805
1594	5.1891
1595	5.1863
1596	5.1876
1597	5.1848
1598	5.1886
1599	5.1858
1600	5.1828
1601	5.1849
1602	5.182
1603	5.1893
1604	5.1864
1605	5.1856
1606	5.1826
1607	5.1745
1608	5.1832
1609	5.1901
1610	5.1801
1611	5.1836
1612	5.1811
1613	5.1838
1614	5.188
1615	5.1788
1616	5.1836
1617	5.1801
1618	5.1843
1619	5.1807
1620	5.1828
1621	5.18
1622	5.1818
1623	5.1787
1624	5.1808
1625	5.1836
1626	5.1787
1627	5.1857
1628	5.1762
1629	5.1822
1630	5.184
1631	5.1772
1632	5.187
1633	5.1701
1634	5.1816
1635	5.1844
1636	5.1804
1637	5.1769
1638	5.1813
1639	5.1767
1640	5.1822
1641	5.1819
1642	5.174
1643	5.1751
1644	5.1769
1645	5.1776
1646	5.172
1647	5.1752
1648	5.1775
1649	5.1781
1650	5.1778
1651	5.1707
1652	5.1754
1653	5.1721
1654	5.1773
1655	5.1791
1656	5.175
1657	5.1709
1658	5.1804
1659	5.1748
1660	5.1688
1661	5.1769
1662	5.1685
1663	5.1709
1664	5.1725
1665	5.1699
1666	5.1737
1667	5.1789
1668	5.1717
1669	5.1696
1670	5.1699
1671	5.175
1672	5.1778
1673	5.1729
1674	5.1706
1675	5.1654
1676	5.1675
1677	5.1714
1678	5.1753
1679	5.1645
1680	5.1703
1681	5.169
1682	5.1669
1683	5.171
1684	5.1656
1685	5.1683
1686	5.1653
1687	5.1654
1688	5.1641
1689	5.1699
1690	5.1732
1691	5.1655
1692	5.1617
1693	5.1653
1694	5.1663
1695	5.1663
1696	5.1673
1697	5.1687
1698	5.1678
1699	5.1721
1700	5.1638
1701	5.1637
1702	5.1663
1703	5.1685
1704	5.1631
1705	5.1629
1706	5.1616
1707	5.1661
1708	5.1658
1709	5.1587
1710	5.1666
1711	5.1646
1712	5.1638
1713	5.1665
1714	5.164
1715	5.1619
1716	5.1646
1717	5.1644
1718	5.1543
1719	5.1597
1720	5.1673
1721	5.1653
1722	5.1571
1723	5.1661
1724	5.1634
1725	5.1615
1726	5.1615
1727	5.1622
1728	5.1589
1729	5.1638
1730	5.1583
1731	5.1612
1732	5.1575
1733	5.1637
1734	5.1673
1735	5.1557
1736	5.1592
1737	5.1576
1738	5.164
1739	5.1562
1740	5.1562
1741	5.1639
1742	5.159
1743	5.159
1744	5.1607
1745	5.1551
1746	5.1585
1747	5.1537
1748	5.1564
1749	5.1555
1750	5.1612
1751	5.1567
1752	5.1543
1753	5.1513
1754	5.1582
1755	5.16
1756	5.1601
1757	5.1593
1758	5.1564
1759	5.1566
1760	5.1522
1761	5.1559
1762	5.1618
1763	5.1596
1764	5.157
1765	5.1477
1766	5.1508
1767	5.1554
1768	5.1543
1769	5.1539
1770	5.1545
1771	5.1547
1772	5.1529
1773	5.1532
1774	5.1548
1775	5.1629
1776	5.1539
1777	5.1519
1778	5.1488
1779	5.1522
1780	5.1526
1781	5.1497
1782	5.1548
1783	5.1526
1784	5.153
1785	5.1509
1786	5.1474
1787	5.1471
1788	5.1519
1789	5.1513
1790	5.15
1791	5.1583
1792	5.1492
1793	5.1494
1794	5.1475
1795	5.1544
1796	5.1513
1797	5.1467
1798	5.1537
1799	5.1541
1800	5.153
1801	5.1541
1802	5.1448
1803	5.1497
1804	5.1516
1805	5.1433
1806	5.1452
1807	5.1426
1808	5.1526
1809	5.1478
1810	5.1484
1811	5.1539
1812	5.1528
1813	5.1434
1814	5.1436
1815	5.1491
1816	5.1508
1817	5.1488
1818	5.1434
1819	5.1521
1820	5.1507
1821	5.1464
1822	5.1426
1823	5.1446
1824	5.1481
1825	5.1455
1826	5.1458
1827	5.1431
1828	5.15
1829	5.1472
1830	5.1403
1831	5.1463
1832	5.1457
1833	5.1468
1834	5.1414
1835	5.1408
1836	5.1496
1837	5.1401
1838	5.1392
1839	5.144
1840	5.1428
1841	5.1415
1842	5.1397
1843	5.1367
1844	5.1436
1845	5.1401
1846	5.1385
1847	5.1409
1848	5.1377
1849	5.1488
1850	5.1384
1851	5.1358
1852	5.1364
1853	5.1373
1854	5.1442
1855	5.1347
1856	5.1353
1857	5.1407
1858	5.1404
1859	5.1354
1860	5.1362
1861	5.1411
1862	5.137
1863	5.1412
1864	5.1343
1865	5.1452
1866	5.139
1867	5.1328
1868	5.1396
1869	5.1392
1870	5.1357
1871	5.1358
1872	5.1398
1873	5.1401
1874	5.1369
1875	5.1422
1876	5.1322
1877	5.1324
1878	5.1362
1879	5.1428
1880	5.135
1881	5.1429
1882	5.1432
1883	5.1443
1884	5.1389
1885	5.135
1886	5.138
1887	5.1389
1888	5.1312
1889	5.1343
1890	5.133
1891	5.1352
1892	5.1394
1893	5.1379
1894	5.1352
1895	5.1336
1896	5.1309
1897	5.1299
1898	5.1366
1899	5.1324
1900	5.1362
1901	5.1359
1902	5.1366
1903	5.1359
1904	5.1338
1905	5.1377
1906	5.1382
1907	5.1323
1908	5.1315
1909	5.1304
1910	5.1282
1911	5.1286
1912	5.1272
1913	5.1263
1914	5.1297
1915	5.1273
1916	5.1373
1917	5.131
1918	5.1343
1919	5.1351
1920	5.1359
1921	5.1303
1922	5.1263
1923	5.1318
1924	5.1299
1925	5.1296
1926	5.131
1927	5.1364
1928	5.1327
1929	5.131
1930	5.1296
1931	5.1327
1932	5.1321
1933	5.1305
1934	5.1261
1935	5.1273
1936	5.1274
1937	5.1301
1938	5.1335
1939	5.1212
1940	5.1272
1941	5.1298
1942	5.1287
1943	5.1304
1944	5.1262
1945	5.1286
1946	5.128
1947	5.1252
1948	5.1269
1949	5.1278
1950	5.1292
1951	5.129
1952	5.1241
1953	5.1293
1954	5.1321
1955	5.1365
1956	5.1219
1957	5.1272
1958	5.134
1959	5.1292
1960	5.1274
1961	5.1303
1962	5.1309
1963	5.1299
1964	5.1295
1965	5.1224
1966	5.1245
1967	5.1254
1968	5.1294
1969	5.1201
1970	5.1247
1971	5.1316
1972	5.1298
1973	5.1206
1974	5.121
1975	5.1186
1976	5.12
1977	5.1247
1978	5.1214
1979	5.1263
1980	5.1253
1981	5.126
1982	5.1263
1983	5.1195
1984	5.1248
1985	5.1259
1986	5.1224
1987	5.1222
1988	5.1213
1989	5.1252
1990	5.124
1991	5.1209
1992	5.1252
1993	5.1207
1994	5.1173
1995	5.1177
1996	5.1199
1997	5.1225
1998	5.1184
1999	5.1174
2000	5.1154
2001	5.1186
2002	5.1131
2003	5.1137
2004	5.1142
2005	5.1235
2006	5.1223
2007	5.1167
2008	5.1204
2009	5.1154
2010	5.1125
2011	5.1196
2012	5.1198
2013	5.12
2014	5.1161
2015	5.1206
2016	5.1218
2017	5.1243
2018	5.1151
2019	5.1174
2020	5.1223
2021	5.1198
2022	5.119
2023	5.1221
2024	5.1144
2025	5.1149
2026	5.1209
2027	5.1124
2028	5.1132
2029	5.1106
2030	5.116
2031	5.1153
2032	5.1106
2033	5.112
2034	5.1179
2035	5.1182
2036	5.1145
2037	5.1171
2038	5.1182
2039	5.1055
2040	5.1118
2041	5.1167
2042	5.1128
2043	5.1129
2044	5.1166
2045	5.1141
2046	5.1221
2047	5.1099
2048	5.1144
2049	5.1174
2050	5.1158
2051	5.1027
2052	5.1158
2053	5.112
2054	5.1058
2055	5.1113
2056	5.1128
2057	5.1133
2058	5.1102
2059	5.1141
2060	5.1159
2061	5.114
2062	5.1143
2063	5.1108
2064	5.1101
2065	5.109
2066	5.1053
2067	5.1139
2068	5.118
2069	5.1124
2070	5.1118
2071	5.1126
2072	5.1146
2073	5.1036
2074	5.1124
2075	5.1115
2076	5.1085
2077	5.1063
2078	5.1125
2079	5.108
2080	5.1156
2081	5.1103
2082	5.1126
2083	5.115
2084	5.107
2085	5.1093
2086	5.1123
2087	5.1049
2088	5.1063
2089	5.1064
2090	5.1092
2091	5.1057
2092	5.1058
2093	5.11
2094	5.1061
2095	5.103
2096	5.114
2097	5.1032
2098	5.105
2099	5.1131
2100	5.1046
2101	5.1125
2102	5.1037
2103	5.112
2104	5.1096
2105	5.115
2106	5.1084
2107	5.1064
2108	5.0975
2109	5.1028
2110	5.1112
2111	5.1068
2112	5.1009
2113	5.1145
2114	5.1104
2115	5.1037
2116	5.1048
2117	5.1177
2118	5.1026
2119	5.1014
2120	5.1046
2121	5.103
2122	5.106
2123	5.0985
2124	5.1083
2125	5.1096
2126	5.1046
2127	5.1067
2128	5.1095
2129	5.0986
2130	5.1048
2131	5.1049
2132	5.1055
2133	5.1061
2134	5.1045
2135	5.1029
2136	5.1024
2137	5.1059
2138	5.1021
2139	5.1069
2140	5.0972
2141	5.1022
2142	5.1063
2143	5.1074
2144	5.0989
2145	5.0975
2146	5.1046
2147	5.1015
2148	5.1003
2149	5.1057
2150	5.1073
2151	5.0989
2152	5.1045
2153	5.1023
2154	5.1014
2155	5.1037
2156	5.099
2157	5.1008
2158	5.1032
2159	5.1003
2160	5.1057
2161	5.0951
2162	5.1001
2163	5.0983
2164	5.1027
2165	5.102
2166	5.1047
2167	5.1031
2168	5.1046
2169	5.0971
2170	5.1051
2171	5.1078
2172	5.0968
2173	5.0989
2174	5.1028
2175	5.097
2176	5.0995
2177	5.1028
2178	5.1035
2179	5.1034
2180	5.1004
2181	5.0998
2182	5.0926
2183	5.0976
2184	5.1001
2185	5.099
2186	5.0957
2187	5.0953
2188	5.0971
2189	5.0973
2190	5.0953
2191	5.0971
2192	5.0955
2193	5.1001
2194	5.1011
2195	5.0931
2196	5.1025
2197	5.105
2198	5.0967
2199	5.0953
2200	5.0973
2201	5.0951
2202	5.0951
2203	5.0954
2204	5.0934
2205	5.0886
2206	5.0906
2207	5.0927
2208	5.1
2209	5.0986
2210	5.0957
2211	5.0967
2212	5.1
2213	5.094
2214	5.0948
2215	5.0929
2216	5.1019
2217	5.0941
2218	5.0945
2219	5.0975
2220	5.0971
2221	5.0933
2222	5.0931
2223	5.0949
2224	5.0918
2225	5.0882
2226	5.0939
2227	5.0947
2228	5.0975
2229	5.094
2230	5.0944
2231	5.0955
2232	5.0935
2233	5.0895
2234	5.0981
2235	5.0958
2236	5.0957
2237	5.0961
2238	5.0979
2239	5.0954
2240	5.091
2241	5.0883
2242	5.0969
2243	5.0926
2244	5.0918
2245	5.0905
2246	5.1029
2247	5.0914
2248	5.094
2249	5.0894
2250	5.0988
2251	5.0938
2252	5.0934
2253	5.091
2254	5.0932
2255	5.0952
2256	5.0875
2257	5.0973
2258	5.0981
2259	5.0898
2260	5.0954
2261	5.0929
2262	5.0925
2263	5.0895
2264	5.0972
2265	5.0896
2266	5.0923
2267	5.0885
2268	5.0882
2269	5.0901
2270	5.0834
2271	5.0887
2272	5.0891
2273	5.0886
2274	5.0881
2275	5.0854
2276	5.0934
2277	5.0888
2278	5.0849
2279	5.0858
2280	5.0902
2281	5.0826
2282	5.0918
2283	5.0896
2284	5.0841
2285	5.0852
2286	5.085
2287	5.0884
2288	5.0898
2289	5.0849
2290	5.0803
2291	5.0954
2292	5.0914
2293	5.0807
2294	5.0932
2295	5.0892
2296	5.0861
2297	5.0855
2298	5.0916
2299	5.0847
2300	5.0932
2301	5.0888
2302	5.0862
2303	5.0853
2304	5.0894
2305	5.0854
2306	5.09
2307	5.0939
2308	5.09
2309	5.088
2310	5.0884
2311	5.0793
2312	5.0869
2313	5.0839
2314	5.0923
2315	5.0888
2316	5.0834
2317	5.0834
2318	5.0906
2319	5.0838
2320	5.084
2321	5.079
2322	5.0852
2323	5.0852
2324	5.0878
2325	5.088
2326	5.0888
2327	5.0887
2328	5.0812
2329	5.0883
2330	5.0869
2331	5.0915
2332	5.0896
2333	5.0832
2334	5.0853
2335	5.0866
2336	5.0812
2337	5.0845
2338	5.0879
2339	5.0878
2340	5.0861
2341	5.0856
2342	5.0878
2343	5.0872
2344	5.0796
2345	5.0817
2346	5.0866
2347	5.0912
2348	5.084
2349	5.0837
2350	5.0904
2351	5.0872
2352	5.0824
2353	5.083
2354	5.0884
2355	5.0831
2356	5.088
2357	5.0872
2358	5.0878
2359	5.0829
2360	5.0825
2361	5.08
2362	5.087
2363	5.079
2364	5.0822
2365	5.0879
2366	5.0809
2367	5.0823
2368	5.0828
2369	5.0767
2370	5.0832
2371	5.0809
2372	5.0832
2373	5.0861
2374	5.0803
2375	5.0803
2376	5.0843
2377	5.0875
2378	5.0813
2379	5.0837
2380	5.0827
2381	5.0796
2382	5.0767
2383	5.0825
2384	5.0829
2385	5.0819
2386	5.0776
2387	5.0834
2388	5.0856
2389	5.0837
2390	5.0753
2391	5.0816
2392	5.0834
2393	5.0777
2394	5.0785
2395	5.0783
2396	5.0736
2397	5.0801
2398	5.0829
2399	5.0877
2400	5.0828
2401	5.0814
2402	5.0767
2403	5.0848
2404	5.0844
2405	5.0815
2406	5.0808
2407	5.085
2408	5.0798
2409	5.0761
2410	5.0799
2411	5.0793
2412	5.0835
2413	5.0795
2414	5.0817
2415	5.0842
2416	5.0814
2417	5.0786
2418	5.0775
2419	5.0755
2420	5.0782
2421	5.0761
2422	5.0784
2423	5.0861
2424	5.0812
2425	5.08
2426	5.072
2427	5.0855
2428	5.0797
2429	5.0758
2430	5.0826
2431	5.0731
2432	5.0792
2433	5.077
2434	5.0806
2435	5.0729
2436	5.0804
2437	5.0753
2438	5.0829
2439	5.0755
2440	5.0812
2441	5.0791
2442	5.078
2443	5.0793
2444	5.0777
2445	5.0768
2446	5.0797
2447	5.0764
2448	5.0794
2449	5.0702
2450	5.0755
2451	5.0738
2452	5.0782
2453	5.0738
2454	5.0805
2455	5.0796
2456	5.079
2457	5.0808
2458	5.0731
2459	5.0753
2460	5.075
2461	5.0742
2462	5.0767
2463	5.079
2464	5.0739
2465	5.0781
2466	5.0753
2467	5.0735
2468	5.0736
2469	5.077
2470	5.0728
2471	5.0709
2472	5.0781
2473	5.0755
2474	5.0753
2475	5.078
2476	5.078
2477	5.0749
2478	5.0758
2479	5.0775
2480	5.0779
2481	5.0764
2482	5.0737
2483	5.0758
2484	5.0697
2485	5.0811
2486	5.0731
2487	5.0735
2488	5.0708
2489	5.0676
2490	5.0733
2491	5.0731
2492	5.0668
2493	5.0725
2494	5.0719
2495	5.0754
2496	5.0741
2497	5.0647
2498	5.0693
2499	5.0735
2500	5.0723
2501	5.0661
2502	5.0736
2503	5.0704
2504	5.0712
2505	5.0661
2506	5.0713
2507	5.0671
2508	5.0709
2509	5.0677
2510	5.0624
2511	5.0734
2512	5.0673
2513	5.0708
2514	5.0668
2515	5.0752
2516	5.072
2517	5.0682
2518	5.0698
2519	5.0688
2520	5.0647
2521	5.0683
2522	5.074
2523	5.0731
2524	5.0636
2525	5.0623
2526	5.0682
2527	5.065
2528	5.0669
2529	5.0653
2530	5.0642
2531	5.0639
2532	5.0655
2533	5.07
2534	5.0688
2535	5.0609
2536	5.0622
2537	5.0665
2538	5.0637
2539	5.0633
2540	5.0707
2541	5.0664
2542	5.07
2543	5.0687
2544	5.0659
2545	5.0655
2546	5.0625
2547	5.0576
2548	5.065
2549	5.0635
2550	5.06
2551	5.0609
2552	5.0673
2553	5.0585
2554	5.0613
2555	5.0672
2556	5.0633
2557	5.0653
2558	5.0641
2559	5.0603
2560	5.0616
2561	5.0652
2562	5.0658
2563	5.056
2564	5.0603
2565	5.0649
2566	5.0622
2567	5.0591
2568	5.0654
2569	5.0696
2570	5.0621
2571	5.0584
2572	5.0563
2573	5.0641
2574	5.0679
2575	5.0643
2576	5.06
2577	5.0618
2578	5.0634
2579	5.0594
2580	5.0567
2581	5.0617
2582	5.0627
2583	5.0576
2584	5.0541
2585	5.0569
2586	5.0549
2587	5.0627
2588	5.0599
2589	5.0596
2590	5.0627
2591	5.0648
2592	5.0627
2593	5.0616
2594	5.0612
2595	5.0611
2596	5.0585
2597	5.0634
2598	5.0583
2599	5.057
2600	5.0554
2601	5.0546
2602	5.0571
2603	5.063
2604	5.061
2605	5.0516
2606	5.0499
2607	5.0607
2608	5.0583
2609	5.0607
2610	5.0516
2611	5.0619
2612	5.0506
2613	5.0542
2614	5.053
2615	5.0586
2616	5.0556
2617	5.0509
2618	5.0587
2619	5.0559
2620	5.0483
2621	5.0498
2622	5.0552
2623	5.0546
2624	5.0533
2625	5.0504
2626	5.053
2627	5.0538
2628	5.0501
2629	5.0518
2630	5.0508
2631	5.0598
2632	5.0593
2633	5.0503
2634	5.057
2635	5.061
2636	5.0619
2637	5.0546
2638	5.0549
2639	5.0478
2640	5.0531
2641	5.0563
2642	5.0521
2643	5.0532
2644	5.053
2645	5.0596
2646	5.0531
2647	5.0549
2648	5.0526
2649	5.0559
2650	5.0498
2651	5.0517
2652	5.0569
2653	5.0535
2654	5.0481
2655	5.055
2656	5.0576
2657	5.0542
2658	5.0483
2659	5.0488
2660	5.0519
2661	5.0605
2662	5.0572
2663	5.0475
2664	5.0493
2665	5.0538
2666	5.0609
2667	5.0504
2668	5.0525
2669	5.0516
2670	5.0524
2671	5.0551
2672	5.0495
2673	5.0536
2674	5.0555
2675	5.0505
2676	5.0496
2677	5.0502
2678	5.0534
2679	5.0512
2680	5.0518
2681	5.049
2682	5.0571
2683	5.0539
2684	5.0454
2685	5.0502
2686	5.0521
2687	5.0535
2688	5.0508
2689	5.05
2690	5.0512
2691	5.049
2692	5.0434
2693	5.0448
2694	5.0504
2695	5.0529
2696	5.0463
2697	5.0506
2698	5.0381
2699	5.0528
2700	5.0503
2701	5.0458
2702	5.0474
2703	5.0469
2704	5.0488
2705	5.0365
2706	5.0439
2707	5.0481
2708	5.0481
2709	5.0458
2710	5.0458
2711	5.0498
2712	5.051
2713	5.0466
2714	5.0427
2715	5.0401
2716	5.0494
2717	5.0496
2718	5.0442
2719	5.0465
2720	5.0448
2721	5.0428
2722	5.0402
2723	5.0489
2724	5.0481
2725	5.0478
2726	5.0485
2727	5.0471
2728	5.0445
2729	5.0464
2730	5.0499
2731	5.0462
2732	5.045
2733	5.0417
2734	5.0428
2735	5.0423
2736	5.0473
2737	5.0483
2738	5.0442
2739	5.0505
2740	5.0496
2741	5.0472
2742	5.0395
2743	5.0471
2744	5.0415
2745	5.0415
2746	5.0437
2747	5.0453
2748	5.043
2749	5.0434
2750	5.0352
2751	5.043
2752	5.0433
2753	5.0362
2754	5.0439
2755	5.0431
2756	5.0467
2757	5.0397
2758	5.0453
2759	5.0472
2760	5.0432
2761	5.0369
2762	5.0414
2763	5.0398
2764	5.0478
2765	5.0403
2766	5.0451
2767	5.0468
2768	5.0364
2769	5.0427
2770	5.0439
2771	5.0409
2772	5.0392
2773	5.0418
2774	5.0428
2775	5.0427
2776	5.0459
2777	5.0427
2778	5.0371
2779	5.0424
2780	5.0358
2781	5.0431
2782	5.0414
2783	5.0378
2784	5.033
2785	5.038
2786	5.0448
2787	5.037
2788	5.0378
2789	5.0411
2790	5.0398
2791	5.0357
2792	5.0449
2793	5.0392
2794	5.0389
2795	5.0375
2796	5.0418
2797	5.0416
2798	5.0398
2799	5.0355
2800	5.0397
2801	5.0412
2802	5.0427
2803	5.041
2804	5.0341
2805	5.0436
2806	5.0351
2807	5.039
2808	5.0396
2809	5.0437
2810	5.0411
2811	5.0428
2812	5.0336
2813	5.0457
2814	5.0371
2815	5.0361
2816	5.0369
2817	5.0378
2818	5.0313
2819	5.0337
2820	5.0386
2821	5.0321
2822	5.0342
2823	5.0396
2824	5.0353
2825	5.0449
2826	5.0358
2827	5.0354
2828	5.0435
2829	5.0457
2830	5.0403
2831	5.0342
2832	5.0372
2833	5.043
2834	5.0381
2835	5.0377
2836	5.038
2837	5.0413
2838	5.0362
2839	5.0334
2840	5.0301
2841	5.0351
2842	5.0372
2843	5.0345
2844	5.039
2845	5.0402
2846	5.0378
2847	5.036
2848	5.0281
2849	5.0318
2850	5.0292
2851	5.0327
2852	5.0386
2853	5.0327
2854	5.0268
2855	5.0323
2856	5.0346
2857	5.0413
2858	5.0313
2859	5.03
2860	5.0328
2861	5.0246
2862	5.0337
2863	5.0325
2864	5.0322
2865	5.0306
2866	5.0332
2867	5.028
2868	5.0317
2869	5.0353
2870	5.0318
2871	5.039
2872	5.0313
2873	5.0386
2874	5.0281
2875	5.0276
2876	5.0319
2877	5.0264
2878	5.0363
2879	5.0345
2880	5.0351
2881	5.0332
2882	5.0353
2883	5.0339
2884	5.0314
2885	5.0325
2886	5.0304
2887	5.0346
2888	5.0279
2889	5.0284
2890	5.031
2891	5.0352
2892	5.0288
2893	5.0359
2894	5.0399
2895	5.0296
2896	5.0365
2897	5.0406
2898	5.0325
2899	5.0287
2900	5.0256
2901	5.0305
2902	5.0272
2903	5.029
2904	5.0297
2905	5.0388
2906	5.0304
2907	5.0264
2908	5.0301
2909	5.0355
2910	5.0286
2911	5.0313
2912	5.0286
2913	5.035
2914	5.0333
2915	5.0217
2916	5.0249
2917	5.0308
2918	5.0258
2919	5.0217
2920	5.0286
2921	5.0337
2922	5.0242
2923	5.0297
2924	5.037
2925	5.0351
2926	5.0284
2927	5.0251
2928	5.0256
2929	5.0302
2930	5.0319
2931	5.0226
2932	5.0292
2933	5.0301
2934	5.0326
2935	5.0222
2936	5.0317
2937	5.0289
2938	5.0312
2939	5.0242
2940	5.0254
2941	5.032
2942	5.0291
2943	5.0255
2944	5.0327
2945	5.0267
2946	5.0299
2947	5.0208
2948	5.0281
2949	5.0321
2950	5.0366
2951	5.0282
2952	5.0293
2953	5.038
2954	5.0364
2955	5.0304
2956	5.029
2957	5.0288
2958	5.0258
2959	5.0302
2960	5.0255
2961	5.029
2962	5.025
2963	5.0281
2964	5.0309
2965	5.0221
2966	5.0318
2967	5.0287
2968	5.0242
2969	5.0315
2970	5.0314
2971	5.0301
2972	5.0308
2973	5.034
2974	5.0321
2975	5.0287
2976	5.025
2977	5.0255
2978	5.0319
2979	5.0267
2980	5.0286
2981	5.027
2982	5.0387
2983	5.0238
2984	5.0278
2985	5.0281
2986	5.0233
2987	5.0227
2988	5.0298
2989	5.0266
2990	5.0279
2991	5.0301
2992	5.024
2993	5.03
2994	5.0278
2995	5.0263
2996	5.0276
2997	5.0258
2998	5.0358
2999	5.0224
3000	5.0224
3001	5.0272
3002	5.0334
3003	5.0282
3004	5.0236
3005	5.0298
3006	5.0278
3007	5.0243
3008	5.0332
3009	5.0216
3010	5.0245
3011	5.0222
3012	5.0277
3013	5.0261
3014	5.0267
3015	5.0238
3016	5.0294
3017	5.0217
3018	5.022
3019	5.0191
3020	5.0218
3021	5.0239
3022	5.0201
3023	5.0191
3024	5.0259
3025	5.0267
3026	5.0277
3027	5.0255
3028	5.0194
3029	5.0319
3030	5.0194
3031	5.0241
3032	5.0292
3033	5.0234
3034	5.0208
3035	5.0295
3036	5.0254
3037	5.0247
3038	5.0255
3039	5.0232
3040	5.0249
3041	5.0219
3042	5.0253
3043	5.0265
3044	5.0272
3045	5.0276
3046	5.0276
3047	5.0304
3048	5.0266
3049	5.0226
3050	5.0291
3051	5.0278
3052	5.0293
3053	5.0207
3054	5.0274
3055	5.0219
3056	5.0237
3057	5.0175
3058	5.0259
3059	5.0242
3060	5.0227
3061	5.0227
3062	5.0267
3063	5.0241
3064	5.0236
3065	5.0155
3066	5.0231
3067	5.0289
3068	5.0271
3069	5.0246
3070	5.0224
3071	5.0247
3072	5.0228
3073	5.0171
3074	5.0216
3075	5.0308
3076	5.0195
3077	5.0235
3078	5.0264
3079	5.0214
3080	5.0248
3081	5.0154
3082	5.0185
3083	5.0262
3084	5.0232
3085	5.0175
3086	5.0258
3087	5.024
3088	5.0214
3089	5.021
3090	5.0216
3091	5.0245
3092	5.0254
3093	5.0205
3094	5.024
3095	5.0214
3096	5.0255
3097	5.0219
3098	5.021
3099	5.0254
3100	5.0187
3101	5.0188
3102	5.0224
3103	5.0264
3104	5.0222
3105	5.0214
3106	5.0147
3107	5.0245
3108	5.0147
3109	5.0177
3110	5.0165
3111	5.028
3112	5.0157
3113	5.0302
3114	5.0215
3115	5.0233
3116	5.0217
3117	5.02
3118	5.0218
3119	5.0217
3120	5.0211
3121	5.0206
3122	5.0168
3123	5.0288
3124	5.0169
3125	5.0188
3126	5.0204
3127	5.0215
3128	5.021
3129	5.0269
3130	5.0236
3131	5.0218
3132	5.0175
3133	5.0183
3134	5.0258
3135	5.017
3136	5.0226
3137	5.0219
3138	5.0263
3139	5.0235
3140	5.0227
3141	5.0171
3142	5.0163
3143	5.0197
3144	5.0207
3145	5.0175
3146	5.0257
3147	5.0225
3148	5.0156
3149	5.0249
3150	5.0186
3151	5.0162
3152	5.0198
3153	5.0237
3154	5.0166
3155	5.0146
3156	5.0245
3157	5.0291
3158	5.0204
3159	5.0218
3160	5.016
3161	5.0214
3162	5.0165
3163	5.0166
3164	5.019
3165	5.0248
3166	5.0144
3167	5.0117
3168	5.0211
3169	5.0261
3170	5.0157
3171	5.0142
3172	5.0226
3173	5.0173
3174	5.0196
3175	5.0197
3176	5.0174
3177	5.0229
3178	5.0165
3179	5.0165
3180	5.018
3181	5.0158
3182	5.0192
3183	5.0144
3184	5.0213
3185	5.0153
3186	5.0205
3187	5.0132
3188	5.0115
3189	5.0154
3190	5.0163
3191	5.0176
3192	5.0166
3193	5.0161
3194	5.0222
3195	5.022
3196	5.0126
3197	5.0081
3198	5.014
3199	5.0134
3200	5.0235
3201	5.0108
3202	5.0191
3203	5.0116
3204	5.0191
3205	5.0129
3206	5.0161
3207	5.0138
3208	5.0139
3209	5.0135
3210	5.0172
3211	5.023
3212	5.0093
3213	5.0115
3214	5.0187
3215	5.0196
3216	5.0151
3217	5.013
3218	5.0179
3219	5.0149
3220	5.0145
3221	5.012
3222	5.0219
3223	5.0118
3224	5.0093
3225	5.0169
3226	5.0125
3227	5.0158
3228	5.0126
3229	5.0199
3230	5.0093
3231	5.0119
3232	5.0161
3233	5.0164
3234	5.015
3235	5.006
3236	5.017
3237	5.011
3238	5.0125
3239	5.0152
3240	5.0198
3241	5.0129
3242	5.0102
3243	5.0178
3244	5.0158
3245	5.0123
3246	5.0119
3247	5.0123
3248	5.0141
3249	5.0123
3250	5.0143
3251	5.015
3252	5.0131
3253	5.0117
3254	5.014
3255	5.0138
3256	5.0115
3257	5.0102
3258	5.0127
3259	5.0144
3260	5.0163
3261	5.0125
3262	5.0208
3263	5.0119
3264	5.0113
3265	5.014
3266	5.0158
3267	5.0087
3268	5.0077
3269	5.012
3270	5.0196
3271	5.0077
3272	5.0096
3273	5.0107
3274	5.0137
3275	5.0166
3276	5.0082
3277	5.0154
3278	5.0097
3279	5.0163
3280	5.0114
3281	5.0122
3282	5.0137
3283	5.0121
3284	5.0108
3285	5.0096
3286	5.0137
3287	5.011
3288	5.0128
3289	5.0146
3290	5.0166
3291	5.0103
3292	5.0065
3293	5.0107
3294	5.0143
3295	5.0142
3296	4.9998
3297	5.0164
3298	5.0166
3299	5.0125
3300	5.0101
3301	5.0114
3302	5.0071
3303	5.0157
3304	5.0137
3305	5.0104
3306	5.0151
3307	5.0135
3308	5.008
3309	5.0125
3310	5.0108
3311	5.0145
3312	5.0098
3313	5.0084
3314	5.0127
3315	5.0129
3316	5.0127
3317	5.01
3318	5.0172
3319	5.0191
3320	5.0144
3321	5.0055
3322	5.0115
3323	5.016
3324	5.0055
3325	5.0048
3326	5.0146
3327	5.0175
3328	5.0138
3329	5.0056
3330	5.0093
3331	5.0132
3332	5.0125
3333	5.0091
3334	5.0109
3335	5.0135
3336	5.0127
3337	5.0076
3338	5.006
3339	5.0129
3340	5.01
3341	5.0088
3342	5.009
3343	5.007
3344	5.0086
3345	5.0061
3346	5.0176
3347	5.0141
3348	5.0142
3349	5.0122
3350	5.0101
3351	5.0141
3352	5.0089
3353	5.0128
3354	5.0102
3355	5.0135
3356	5.0134
3357	5.0044
3358	5.0103
3359	5.0087
3360	5.0109
3361	5.0052
3362	5.0144
3363	5.0166
3364	5.0105
3365	5.011
3366	5.013
3367	5.0153
3368	5.0062
3369	5.0058
3370	5.0031
3371	5.009
3372	5.0079
3373	5.0047
3374	5.0134
3375	5.0117
3376	5.0034
3377	5.0048
3378	5.0023
3379	5.0078
3380	5.0059
3381	5.0064
3382	5.0119
3383	5.0094
3384	5.011
3385	5.0074
3386	5.0123
3387	5.0067
3388	5.0023
3389	5.0067
3390	5.0087
3391	5.0062
3392	5.002
3393	5.0096
3394	5.0067
3395	5.0027
3396	5.0071
3397	5.0078
3398	5.0071
3399	5.0003
3400	5.0052
3401	5.0105
3402	5.0076
3403	5.0019
3404	5.0063
3405	5.0088
3406	5.0086
3407	5.0018
3408	5.0066
3409	5.0103
3410	5.0065
3411	5.0049
3412	5.0086
3413	5.008
3414	5.0052
3415	5.0072
3416	5.0064
3417	5.0091
3418	5.0106
3419	5.0058
3420	5.0079
3421	5.0076
3422	5.0058
3423	5.0032
3424	5.0129
3425	5.0026
3426	5.0053
3427	5.0108
3428	5.015
3429	5.011
3430	5.0032
3431	5.0035
3432	5.0086
3433	5.0122
3434	4.998
3435	5.0081
3436	5.0097
3437	5.0084
3438	5.0059
3439	5.0111
3440	5.0082
3441	5.0035
3442	5.0096
3443	5.0079
3444	5.0088
3445	5.0053
3446	5.0047
3447	5.0043
3448	5.0112
3449	5.0088
3450	5.001
3451	5.0135
3452	5.0078
3453	5.0021
3454	5.0063
3455	5.0048
3456	5.0122
3457	5.0046
3458	5.0052
3459	5.002
3460	5.005
3461	5.0018
3462	5.0035
3463	5.0093
3464	5.0011
3465	5.0033
3466	5.0062
3467	4.9992
3468	5.002
3469	4.9971
3470	5.0011
3471	5.0086
3472	5.0043
3473	5.007
3474	5.0043
3475	5.0055
3476	5.0049
3477	5.0042
3478	4.9945
3479	5.0023
3480	5.0065
3481	5.0009
3482	5.0063
3483	5.001
3484	5.0029
3485	5.004
3486	5.003
3487	5.0017
3488	5.0029
3489	5.0065
3490	5.0094
3491	5.0047
3492	5.0067
3493	5.0046
3494	5.006
3495	5.0027
3496	5.0056
3497	5.0065
3498	5.0005
3499	4.9988
3500	5.0005
3501	5.003
3502	5.0034
3503	4.998
3504	5.0058
3505	5.0073
3506	5.0017
3507	4.9999
3508	5.0025
3509	4.9986
3510	5.0053
3511	5.0026
3512	5.0064
3513	5.0038
3514	5.0012
3515	5.0009
3516	5.0041
3517	4.9947
3518	4.9964
3519	4.9943
3520	5.0015
3521	4.9993
3522	5.0022
3523	5.0002
3524	5.0026
3525	5.0029
3526	5.0001
3527	5.0078
3528	4.9986
3529	4.9973
3530	4.9957
3531	4.9967
3532	4.9988
3533	4.9964
3534	5.0016
3535	5.0003
3536	5.0041
3537	5.0064
3538	5.0006
3539	5.0042
3540	4.9991
3541	5.0004
3542	5.0006
3543	4.9992
3544	4.9959
3545	4.995
3546	5.0029
3547	4.9971
3548	4.9957
3549	4.9953
3550	5.0013
3551	5.0036
3552	4.9987
3553	5.0025
3554	5.0031
3555	4.9985
3556	4.9977
3557	4.9948
3558	5.0043
3559	5.0003
3560	4.993
3561	5.0011
3562	4.9937
3563	5
3564	5.0018
3565	4.9952
3566	5.0024
3567	5.0009
3568	4.9939
3569	4.9947
3570	4.9947
3571	5.003
3572	4.9949
3573	4.9994
3574	5.0005
3575	4.9992
3576	4.9967
3577	5
3578	4.9994
3579	4.9955
3580	4.9944
3581	4.9921
3582	4.9985
3583	4.9969
3584	4.9982
3585	5.0012
3586	4.993
3587	4.9991
3588	4.9951
3589	5.0005
3590	4.9984
3591	4.9973
3592	4.9964
3593	4.9959
3594	4.9996
3595	4.9971
3596	4.9959
3597	4.9986
3598	4.9919
3599	4.9952
3600	4.9944
3601	4.9929
3602	5.0001
3603	4.9932
3604	5.0003
3605	4.9967
3606	4.9971
3607	4.9931
3608	4.9936
3609	4.9929
3610	4.9943
3611	4.9877
3612	4.9928
3613	4.9988
3614	4.9926
3615	4.9902
3616	4.9949
3617	4.9945
3618	4.9896
3619	4.9893
3620	5.0025
3621	5.0026
3622	5.0014
3623	4.9912
3624	4.9937
3625	4.992
3626	4.9934
3627	4.9953
3628	4.9949
3629	5.0021
3630	4.9989
3631	4.9966
3632	4.9983
3633	4.9933
3634	4.9924
3635	4.9948
3636	4.9974
3637	4.9963
3638	4.9964
3639	5.0023
3640	4.9968
3641	4.9993
3642	4.9943
3643	4.9929
3644	4.9987
3645	5.0029
3646	5.0016
3647	4.9949
3648	4.9926
3649	4.9971
3650	4.9972
3651	4.9993
3652	4.9976
3653	4.9987
3654	4.9957
3655	4.9909
3656	4.999
3657	4.9945
3658	4.9948
3659	4.9956
3660	5.0003
3661	4.9994
3662	4.9934
3663	4.992
3664	4.9976
3665	4.9937
3666	4.9989
3667	4.9944
3668	4.9936
3669	4.9967
3670	4.9922
3671	4.9973
3672	4.9998
3673	4.9959
3674	4.9898
3675	4.991
3676	4.9962
3677	4.9968
3678	4.9865
3679	4.9992
3680	4.991
3681	4.9921
3682	4.9941
3683	4.9918
3684	4.9964
3685	4.9947
3686	4.993
3687	4.9963
3688	4.9946
3689	4.9899
3690	4.9918
3691	4.9911
3692	4.9983
3693	4.9918
3694	4.9864
3695	4.9929
3696	4.9948
3697	4.9999
3698	4.9948
3699	4.994
3700	4.9939
3701	4.9949
3702	4.9897
3703	4.9993
3704	4.993
3705	4.9972
3706	4.9904
3707	4.9952
3708	4.9923
3709	4.9964
3710	4.9906
3711	4.9915
3712	4.9937
3713	4.9894
3714	4.9951
3715	4.995
3716	4.9951
3717	4.9863
3718	4.9908
3719	4.9961
3720	4.9923
3721	4.9949
3722	4.9962
3723	4.9974
3724	4.9889
3725	4.9939
3726	4.988
3727	4.9973
3728	4.9956
3729	4.9901
3730	4.9885
3731	4.9913
3732	4.99
3733	4.9904
3734	4.9894
3735	4.9919
3736	4.9934
3737	4.9859
3738	4.9905
3739	4.9918
3740	5.0033
3741	4.9945
3742	4.9936
3743	5.0042
3744	4.9905
3745	4.9951
3746	4.989
3747	4.9941
3748	4.9934
3749	4.9947
3750	4.994
3751	4.9978
3752	4.9931
3753	4.9921
3754	4.9886
3755	4.9919
3756	4.9947
3757	4.9956
3758	4.9967
3759	4.9872
3760	4.9888
3761	4.9963
3762	4.9979
3763	4.9945
3764	4.9927
3765	4.9873
3766	4.9877
3767	4.9914
3768	4.9941
3769	4.9951
3770	4.9876
3771	4.9895
3772	4.9901
3773	4.9939
3774	4.997
3775	4.9945
3776	4.9879
3777	4.9928
3778	4.993
3779	4.994
3780	4.985
3781	4.9961
3782	4.9878
3783	4.9893
3784	4.987
3785	4.9931
3786	4.9907
3787	4.9853
3788	4.9876
3789	4.9892
3790	4.9921
3791	4.988
3792	4.9904
3793	4.9808
3794	4.997
3795	4.9887
3796	4.9851
3797	4.9893
3798	4.9949
3799	4.9908
3800	4.9904
3801	4.9883
3802	4.9957
3803	4.9894
3804	4.9902
3805	4.9974
3806	4.987
3807	4.9873
3808	4.9931
3809	4.9938
3810	4.9912
3811	4.9881
3812	4.9947
3813	4.9937
3814	4.9838
3815	4.9829
3816	4.9903
3817	4.9914
3818	4.9847
3819	4.9807
3820	4.9917
3821	4.9906
3822	4.9951
3823	4.9829
3824	4.9969
3825	4.9924
3826	4.9919
3827	4.9889
3828	4.991
3829	4.9806
3830	4.9801
3831	4.9906
3832	4.9858
3833	4.9864
3834	4.9915
3835	4.9944
3836	4.9821
3837	4.9817
3838	4.9914
3839	4.9881
3840	4.9919
3841	4.9883
3842	4.9865
3843	4.9894
3844	4.9939
3845	4.982
3846	4.99
3847	4.9871
3848	4.9854
3849	4.9818
3850	4.9886
3851	4.9825
3852	4.985
3853	4.9867
3854	4.9822
3855	4.9885
3856	4.9825
3857	4.9895
3858	4.9955
3859	4.9795
3860	4.9881
3861	4.9819
3862	4.9843
3863	4.9887
3864	4.9897
3865	4.983
3866	4.9801
3867	4.9809
3868	4.9857
3869	4.9849
3870	4.9889
3871	4.9858
3872	4.9895
3873	4.99
3874	4.9843
3875	4.9874
3876	4.9896