1	0.00
2	0.02
3	0.06
4	0.09
5	0.18
6	0.24
7	0.35
8	0.45
9	0.56
10	0.70
11	0.79
12	0.95
13	1.03
14	1.17
15	1.29
16	1.44
17	1.59
18	1.66
19	1.77
20	1.94
21	2.05
22	2.13
23	2.25
24	2.32
25	2.40
26	2.51
27	2.58
28	2.66
29	2.76
30	2.87
31	2.93
32	2.99
33	3.05
34	3.17
35	3.19
36	3.26
37	3.35
38	3.40
39	3.46
40	3.52
41	3.60
42	3.64
43	3.67
44	3.79
45	3.80
46	3.82
47	3.90
48	3.95
49	4.00
50	4.00
51	4.08
52	4.12
53	4.19
54	4.23
55	4.24
56	4.26
57	4.32
58	4.32
59	4.39
60	4.48
61	4.41
62	4.49
63	4.56
64	4.55
65	4.60
66	4.62
67	4.63
68	4.65
69	4.68
70	4.67
71	4.75
72	4.79
73	4.80
74	4.85
75	4.80
76	4.90
77	4.90
78	4.91
79	4.94
80	5.02
81	4.99
82	4.97
83	4.98
84	5.04
85	5.09
86	5.06
87	5.07
88	5.12
89	5.10
90	5.14
91	5.18
92	5.17
93	5.16
94	5.17
95	5.22
96	5.23
97	5.17
98	5.24
99	5.26
100	5.24
101	5.28
102	5.24
103	5.28
104	5.32
105	5.32
106	5.32
107	5.34
108	5.36
109	5.38
110	5.33
111	5.37
112	5.38
113	5.42
114	5.43
115	5.40
116	5.42
117	5.50
118	5.46
119	5.45
120	5.46
121	5.47
122	5.51
123	5.49
124	5.56
125	5.50
126	5.50
127	5.51
128	5.52
129	5.55
130	5.52
131	5.56
132	5.51
133	5.52
134	5.56
135	5.57
136	5.60
137	5.57
138	5.59
139	5.55
140	5.63
141	5.65
142	5.64
143	5.61
144	5.59
145	5.67
146	5.61
147	5.60
148	5.69
149	5.64
150	5.69
151	5.63
152	5.70
153	5.64
154	5.64
155	5.68
156	5.67
157	5.67
158	5.72
159	5.70
160	5.68
161	5.71
162	5.71
163	5.65
164	5.73
165	5.69
166	5.72
167	5.74
168	5.72
169	5.71
170	5.70
171	5.73
172	5.78
173	5.69
174	5.82
175	5.81
176	5.75
177	5.71
178	5.72
179	5.79
180	5.77
181	5.76
182	5.78
183	5.75
184	5.78
185	5.77
186	5.76
187	5.81
188	5.82
189	5.78
190	5.86
191	5.75
192	5.78
193	5.79
194	5.83
195	5.82
196	5.81
197	5.82
198	5.84
199	5.80
200	5.82
201	5.83
202	5.86
203	5.79
204	5.83
205	5.82
206	5.85
207	5.81
208	5.84
209	5.86
210	5.81
211	5.88
212	5.88
213	5.83
214	5.85
215	5.88
216	5.85
217	5.87
218	5.86
219	5.88
220	5.84
221	5.88
222	5.85
223	5.91
224	5.89
225	5.87
226	5.86
227	5.82
228	5.87
229	5.90
230	5.89
231	5.89
232	5.88
233	5.88
234	5.87
235	5.88
236	5.84
237	5.88
238	5.87
239	5.92
240	5.89
241	5.89
242	5.89
243	5.92
244	5.90
245	5.91
246	5.94
247	5.92
248	5.90
249	5.97
250	5.90
251	5.91
252	5.93
253	5.95
254	5.89
255	5.93
256	5.90
257	5.91
258	5.96
259	5.89
260	5.97
261	5.98
262	5.93
263	5.91
264	5.91
265	5.95
266	5.99
267	5.95
268	5.93
269	5.97
270	5.93
271	5.93
272	5.95
273	6.01
274	5.94
275	5.96
276	5.94
277	5.95
278	5.95
279	5.95
280	6.04
281	5.98
282	5.95
283	5.97
284	5.94
285	5.92
286	5.96
287	5.94
288	5.95
289	5.94
290	5.98
291	5.97
292	6.01
293	5.95
294	5.98
295	5.95
296	5.95
297	5.90
298	5.95
299	5.98
300	5.99
301	5.97
302	5.95
303	5.97
304	5.98
305	5.98
306	6.01
307	5.98
308	5.92
309	6.00
310	5.97
311	5.92
312	5.95
313	5.96
314	6.02
315	6.02
316	6.02
317	5.98
318	5.99
319	5.99
320	5.95
321	6.02
322	6.02
323	6.02
324	6.02
325	6.04
326	5.97
327	5.98
328	5.99
329	6.02
330	5.95
331	5.96
332	5.99
333	5.99
334	5.96
335	5.97
336	5.97
337	5.99
338	6.02
339	6.03
340	6.05
341	6.00
342	6.05
343	5.99
344	5.99
345	6.00
346	5.98
347	6.00
348	5.98
349	5.99
350	6.06
351	5.96
352	6.02
353	5.98
354	5.98
355	5.99
356	6.02
357	6.04
358	5.98
359	5.99
360	6.03
361	6.02
362	6.02
363	6.07
364	6.04
365	6.06
366	6.01
367	6.06
368	6.07
369	6.03
370	6.01
371	6.01
372	6.01
373	6.08
374	6.05
375	6.06
376	6.02
377	6.08
378	6.00
379	6.03
380	6.07
381	6.06
382	6.03
383	6.03
384	6.01
385	6.03
386	6.05
387	6.04
388	6.06
389	6.03
390	6.05
391	6.07
392	6.10
393	6.08
394	6.08
395	6.04
396	6.07
397	6.07
398	6.03
399	6.04
400	6.08
401	6.05
402	6.02
403	6.09
404	6.06
405	6.04
406	6.09
407	6.08
408	6.09
409	6.06
410	6.05
411	6.12
412	6.03
413	6.07
414	6.06
415	6.07
416	6.08
417	6.03
418	6.02
419	6.09
420	6.08
421	6.05
422	6.05
423	6.05
424	6.03
425	6.06
426	6.03
427	6.07
428	6.07
429	6.09
430	6.07
431	6.01
432	6.08
433	6.07
434	6.09
435	6.06
436	6.07
437	6.02
438	6.10
439	6.07
440	6.05
441	6.07
442	6.14
443	6.08
444	6.09
445	5.99
446	6.07
447	6.09
448	6.11
449	6.08
450	6.06
451	6.06
452	6.06
453	6.06
454	6.09
455	6.09
456	6.11
457	6.09
458	6.12
459	6.08
460	6.11
461	6.17
462	6.17
463	6.08
464	6.14
465	6.10
466	6.06
467	6.12
468	6.08
469	6.10
470	6.11
471	6.14
472	6.13
473	6.06
474	6.12
475	6.18
476	6.07
477	6.08
478	6.09
479	6.11
480	6.12
481	6.15
482	6.16
483	6.11
484	6.07
485	6.13
486	6.11
487	6.10
488	6.11
489	6.12
490	6.10
491	6.09
492	6.07
493	6.08
494	6.10
495	6.11
496	6.10
497	6.18
498	6.14
499	6.12
500	6.09
501	6.11
502	6.07
503	6.11
504	6.13
505	6.10
506	6.12
507	6.15
508	6.14
509	6.13
510	6.10
511	6.08
512	6.13
513	6.08
514	6.17
515	6.11
516	6.08
517	6.13
518	6.07
519	6.14
520	6.09
521	6.13
522	6.10
523	6.12
524	6.08
525	6.02
526	6.16
527	6.12
528	6.12
529	6.15
530	6.13
531	6.12
532	6.14
533	6.13
534	6.13
535	6.12
536	6.07
537	6.11
538	6.14
539	6.19
540	6.13
541	6.11
542	6.17
543	6.17
544	6.10
545	6.15
546	6.13
547	6.09
548	6.10
549	6.15
550	6.13
551	6.14
552	6.13
553	6.16
554	6.17
555	6.17
556	6.12
557	6.13
558	6.15
559	6.10
560	6.09
561	6.15
562	6.13
563	6.13
564	6.15
565	6.16
566	6.12
567	6.17
568	6.12
569	6.21
570	6.17
571	6.20
572	6.12
573	6.21
574	6.15
575	6.15
576	6.15
577	6.19
578	6.16
579	6.17
580	6.16
581	6.16
582	6.17
583	6.15
584	6.16
585	6.20
586	6.17
587	6.13
588	6.17
589	6.17
590	6.18
591	6.08
592	6.18
593	6.19
594	6.14
595	6.14
596	6.15
597	6.14
598	6.13
599	6.17
600	6.13
601	6.15
602	6.17
603	6.21
604	6.15
605	6.15
606	6.15
607	6.19
608	6.22
609	6.21
610	6.17
611	6.17
612	6.18
613	6.19
614	6.20
615	6.19
616	6.18
617	6.19
618	6.17
619	6.18
620	6.15
621	6.17
622	6.18
623	6.16
624	6.16
625	6.15
626	6.23
627	6.24
628	6.14
629	6.13
630	6.16
631	6.19
632	6.23
633	6.18
634	6.18
635	6.15
636	6.19
637	6.19
638	6.19
639	6.19
640	6.20
641	6.18
642	6.16
643	6.18
644	6.17
645	6.18
646	6.16
647	6.19
648	6.13
649	6.22
650	6.17
651	6.18
652	6.19
653	6.20
654	6.14
655	6.21
656	6.15
657	6.17
658	6.16
659	6.14
660	6.22
661	6.20
662	6.22
663	6.19
664	6.19
665	6.20
666	6.21
667	6.19
668	6.22
669	6.18
670	6.20
671	6.25
672	6.21
673	6.18
674	6.15
675	6.21
676	6.25
677	6.25
678	6.18
679	6.20
680	6.20
681	6.23
682	6.22
683	6.17
684	6.22
685	6.24
686	6.15
687	6.20
688	6.23
689	6.27
690	6.21
691	6.23
692	6.19
693	6.16
694	6.20
695	6.21
696	6.19
697	6.18
698	6.24
699	6.17
700	6.23
701	6.19
702	6.21
703	6.17
704	6.21
705	6.21
706	6.18
707	6.19
708	6.23
709	6.22
710	6.19
711	6.27
712	6.22
713	6.21
714	6.24
715	6.21
716	6.20
717	6.19
718	6.19
719	6.23
720	6.21
721	6.23
722	6.25
723	6.22
724	6.17
725	6.22
726	6.22
727	6.24
728	6.26
729	6.20
730	6.20
731	6.23
732	6.24
733	6.24
734	6.24
735	6.19
736	6.22
737	6.22
738	6.21
739	6.19
740	6.27
741	6.17
742	6.21
743	6.14
744	6.18
745	6.21
746	6.18
747	6.17
748	6.20
749	6.21
750	6.26
751	6.22
752	6.19
753	6.21
754	6.28
755	6.20
756	6.22
757	6.24
758	6.19
759	6.23
760	6.26
761	6.23
762	6.24
763	6.25
764	6.23
765	6.20
766	6.21
767	6.20
768	6.20
769	6.18
770	6.25
771	6.22
772	6.19
773	6.28
774	6.24
775	6.23
776	6.22
777	6.21
778	6.23
779	6.22
780	6.22
781	6.18
782	6.16
783	6.19
784	6.19
785	6.18
786	6.21
787	6.23
788	6.23
789	6.26
790	6.20
791	6.23
792	6.19
793	6.27
794	6.20
795	6.26
796	6.22
797	6.25
798	6.23
799	6.20
800	6.24
801	6.21
802	6.25
803	6.26
804	6.26
805	6.25
806	6.23
807	6.28
808	6.29
809	6.26
810	6.26
811	6.22
812	6.27
813	6.22
814	6.22
815	6.25
816	6.22
817	6.25
818	6.25
819	6.18
820	6.19
821	6.24
822	6.24
823	6.28
824	6.21
825	6.24
826	6.27
827	6.23
828	6.26
829	6.24
830	6.29
831	6.23
832	6.26
833	6.21
834	6.30
835	6.20
836	6.27
837	6.28
838	6.23
839	6.29
840	6.26
841	6.23
842	6.21
843	6.27
844	6.25
845	6.26
846	6.23
847	6.22
848	6.24
849	6.25
850	6.26
851	6.30
852	6.23
853	6.21
854	6.30
855	6.25
856	6.28
857	6.26
858	6.20
859	6.26
860	6.30
861	6.27
862	6.27
863	6.29
864	6.24
865	6.25
866	6.24
867	6.25
868	6.25
869	6.25
870	6.23
871	6.22
872	6.25
873	6.27
874	6.22
875	6.27
876	6.23
877	6.24
878	6.24
879	6.24
880	6.26
881	6.26
882	6.26
883	6.27
884	6.28
885	6.19
886	6.27
887	6.24
888	6.23
889	6.29
890	6.28
891	6.22
892	6.32
893	6.28
894	6.26
895	6.27
896	6.22
897	6.20
898	6.22
899	6.28
900	6.25
901	6.28
902	6.27
903	6.29
904	6.28
905	6.21
906	6.24
907	6.23
908	6.30
909	6.24
910	6.23
911	6.24
912	6.23
913	6.29
914	6.25
915	6.27
916	6.30
917	6.25
918	6.30
919	6.27
920	6.30
921	6.27
922	6.28
923	6.27
924	6.29
925	6.27
926	6.31
927	6.23
928	6.31
929	6.28
930	6.25
931	6.28
932	6.29
933	6.29
934	6.23
935	6.26
936	6.27
937	6.26
938	6.27
939	6.30
940	6.27
941	6.29
942	6.25
943	6.27
944	6.27
945	6.28
946	6.28
947	6.30
948	6.26
949	6.30
950	6.26
951	6.24
952	6.27
953	6.31
954	6.26
955	6.32
956	6.28
957	6.26
958	6.24
959	6.27
960	6.28
961	6.29
962	6.20
963	6.26
964	6.22
965	6.26
966	6.25
967	6.23
968	6.35
969	6.29
970	6.27
971	6.25
972	6.29
973	6.25
974	6.28
975	6.31
976	6.27
977	6.23
978	6.28
979	6.27
980	6.28
981	6.31
982	6.24
983	6.28
984	6.28
985	6.29
986	6.29
987	6.31
988	6.29
989	6.26
990	6.32
991	6.28
992	6.29
993	6.26
994	6.29
995	6.31
996	6.29
997	6.25
998	6.31
999	6.29
1000	6.30
1001	6.28
1002	6.29
1003	6.30
1004	6.25
1005	6.27
1006	6.30
1007	6.31
1008	6.28
1009	6.26
1010	6.28
1011	6.28
1012	6.28
1013	6.27
1014	6.28
1015	6.29
1016	6.28
1017	6.28
1018	6.26
1019	6.26
1020	6.28
1021	6.27
1022	6.23
1023	6.25
1024	6.27
1025	6.31
1026	6.26
1027	6.29
1028	6.28
1029	6.27
1030	6.29
1031	6.27
1032	6.25
1033	6.31
1034	6.30
1035	6.25
1036	6.28
1037	6.29
1038	6.21
1039	6.30
1040	6.26
1041	6.27
1042	6.33
1043	6.36
1044	6.30
1045	6.30
1046	6.31
1047	6.30
1048	6.33
1049	6.30
1050	6.29
1051	6.33
1052	6.27
1053	6.28
1054	6.31
1055	6.28
1056	6.30
1057	6.26
1058	6.29
1059	6.37
1060	6.23
1061	6.25
1062	6.32
1063	6.31
1064	6.28
1065	6.34
1066	6.26
1067	6.27
1068	6.26
1069	6.34
1070	6.26
1071	6.32
1072	6.27
1073	6.31
1074	6.22
1075	6.35
1076	6.35
1077	6.23
1078	6.27
1079	6.27
1080	6.29
1081	6.33
1082	6.32
1083	6.31
1084	6.34
1085	6.29
1086	6.32
1087	6.29
1088	6.32
1089	6.28
1090	6.30
1091	6.28
1092	6.29
1093	6.27
1094	6.35
1095	6.31
1096	6.30
1097	6.32
1098	6.32
1099	6.27
1100	6.28
1101	6.31
1102	6.26
1103	6.34
1104	6.27
1105	6.27
1106	6.30
1107	6.32
1108	6.30
1109	6.32
1110	6.28
1111	6.32
1112	6.25
1113	6.32
1114	6.29
1115	6.29
1116	6.30
1117	6.30
1118	6.29
1119	6.30
1120	6.32
1121	6.28
1122	6.30
1123	6.30
1124	6.32
1125	6.27
1126	6.29
1127	6.28
1128	6.31
1129	6.33
1130	6.30
1131	6.28
1132	6.30
1133	6.29
1134	6.33
1135	6.32
1136	6.35
1137	6.29
1138	6.31
1139	6.40
1140	6.28
1141	6.29
1142	6.34
1143	6.33
1144	6.32
1145	6.30
1146	6.34
1147	6.31
1148	6.32
1149	6.33
1150	6.30
1151	6.30
1152	6.31
1153	6.33
1154	6.34
1155	6.35
1156	6.27
1157	6.31
1158	6.36
1159	6.27
1160	6.26
1161	6.27
1162	6.31
1163	6.32
1164	6.31
1165	6.37
1166	6.33
1167	6.34
1168	6.35
1169	6.30
1170	6.33
1171	6.28
1172	6.32
1173	6.33
1174	6.36
1175	6.34
1176	6.36
1177	6.33
1178	6.28
1179	6.29
1180	6.24
1181	6.33
1182	6.28
1183	6.38
1184	6.36
1185	6.35
1186	6.31
1187	6.33
1188	6.36
1189	6.32
1190	6.29
1191	6.31
1192	6.30
1193	6.31
1194	6.29
1195	6.30
1196	6.30
1197	6.33
1198	6.30
1199	6.35
1200	6.32
1201	6.33
1202	6.35
1203	6.31
1204	6.36
1205	6.38
1206	6.35
1207	6.34
1208	6.35
1209	6.37
1210	6.30
1211	6.40
1212	6.34
1213	6.29
1214	6.30
1215	6.33
1216	6.29
1217	6.33
1218	6.35
1219	6.29
1220	6.36
1221	6.31
1222	6.31
1223	6.31
1224	6.37
1225	6.28
1226	6.29
1227	6.36
1228	6.36
1229	6.31
1230	6.30
1231	6.36
1232	6.39
1233	6.36
1234	6.32
1235	6.29
1236	6.34
1237	6.31
1238	6.32
1239	6.35
1240	6.35
1241	6.31
1242	6.33
1243	6.33
1244	6.31
1245	6.31
1246	6.29
1247	6.34
1248	6.34
1249	6.25
1250	6.37
1251	6.38
1252	6.38
1253	6.32
1254	6.34
1255	6.37
1256	6.31
1257	6.35
1258	6.33
1259	6.30
1260	6.30
1261	6.35
1262	6.36
1263	6.33
1264	6.36
1265	6.37
1266	6.34
1267	6.34
1268	6.39
1269	6.34
1270	6.27
1271	6.31
1272	6.34
1273	6.32
1274	6.27
1275	6.31
1276	6.31
1277	6.36
1278	6.36
1279	6.33
1280	6.27
1281	6.36
1282	6.36
1283	6.34
1284	6.35
1285	6.37
1286	6.33
1287	6.36
1288	6.36
1289	6.28
1290	6.33
1291	6.33
1292	6.34
1293	6.32
1294	6.35
1295	6.35
1296	6.36
1297	6.36
1298	6.39
1299	6.35
1300	6.34
1301	6.32
1302	6.34
1303	6.35
1304	6.38
1305	6.36
1306	6.36
1307	6.33
1308	6.36
1309	6.33
1310	6.35
1311	6.31
1312	6.32
1313	6.39
1314	6.35
1315	6.36
1316	6.38
1317	6.33
1318	6.33
1319	6.40
1320	6.35
1321	6.32
1322	6.33
1323	6.35
1324	6.36
1325	6.34
1326	6.38
1327	6.31
1328	6.37
1329	6.32
1330	6.36
1331	6.36
1332	6.41
1333	6.36
1334	6.34
1335	6.35
1336	6.38
1337	6.36
1338	6.42
1339	6.34
1340	6.41
1341	6.35
1342	6.35
1343	6.40
1344	6.35
1345	6.36
1346	6.34
1347	6.39
1348	6.34
1349	6.40
1350	6.39
1351	6.40
1352	6.35
1353	6.40
1354	6.30
1355	6.40
1356	6.40
1357	6.42
1358	6.29
1359	6.36
1360	6.37
1361	6.35
1362	6.34
1363	6.35
1364	6.36
1365	6.39
1366	6.35
1367	6.35
1368	6.34
1369	6.36
1370	6.38
1371	6.38
1372	6.36
1373	6.32
1374	6.39
1375	6.41
1376	6.37
1377	6.38
1378	6.36
1379	6.35
1380	6.39
1381	6.41
1382	6.37
1383	6.37
1384	6.37
1385	6.41
1386	6.39
1387	6.33
1388	6.33
1389	6.39
1390	6.38
1391	6.36
1392	6.42
1393	6.36
1394	6.35
1395	6.33
1396	6.35
1397	6.35
1398	6.37
1399	6.41
1400	6.38
1401	6.36
1402	6.30
1403	6.41
1404	6.35
1405	6.34
1406	6.42
1407	6.38
1408	6.37
1409	6.36
1410	6.37
1411	6.37
1412	6.39
1413	6.41
1414	6.37
1415	6.40
1416	6.38
1417	6.42
1418	6.38
1419	6.39
1420	6.35
1421	6.36
1422	6.38
1423	6.37
1424	6.41
1425	6.39
1426	6.39
1427	6.35
1428	6.34
1429	6.37
1430	6.42
1431	6.40
1432	6.36
1433	6.30
1434	6.38
1435	6.35
1436	6.36
1437	6.41
1438	6.33
1439	6.30
1440	6.35
1441	6.31
1442	6.35
1443	6.39
1444	6.39
1445	6.37
1446	6.37
1447	6.36
1448	6.35
1449	6.38
1450	6.38
1451	6.38
1452	6.36
1453	6.40
1454	6.36
1455	6.37
1456	6.38
1457	6.40
1458	6.36
1459	6.37
1460	6.34
1461	6.32
1462	6.38
1463	6.38
1464	6.43
1465	6.37
1466	6.38
1467	6.35
1468	6.36
1469	6.36
1470	6.38
1471	6.38
1472	6.38
1473	6.35
1474	6.34
1475	6.38
1476	6.42
1477	6.40
1478	6.36
1479	6.44
1480	6.43
1481	6.45
1482	6.33
1483	6.41
1484	6.38
1485	6.34
1486	6.41
1487	6.36
1488	6.38
1489	6.35
1490	6.35
1491	6.36
1492	6.40
1493	6.42
1494	6.42
1495	6.32
1496	6.41
1497	6.40
1498	6.38
1499	6.35
1500	6.36
1501	6.37
1502	6.37
1503	6.39
1504	6.39
1505	6.42
1506	6.38
1507	6.35
1508	6.36
1509	6.43
1510	6.38
1511	6.32
1512	6.39
1513	6.42
1514	6.45
1515	6.43
1516	6.42
1517	6.39
1518	6.37
1519	6.42
1520	6.31
1521	6.39
1522	6.41
1523	6.38
1524	6.38
1525	6.35
1526	6.41
1527	6.39
1528	6.42
1529	6.38
1530	6.41
1531	6.45
1532	6.41
1533	6.42
1534	6.43
1535	6.42
1536	6.31
1537	6.33
1538	6.39
1539	6.38
1540	6.36
1541	6.37
1542	6.40
1543	6.40
1544	6.40
1545	6.35
1546	6.36
1547	6.38
1548	6.39
1549	6.38
1550	6.39
1551	6.40
1552	6.38
1553	6.36
1554	6.42
1555	6.39
1556	6.38
1557	6.37
1558	6.43
1559	6.36
1560	6.36
1561	6.34
1562	6.41
1563	6.37
1564	6.42
1565	6.37
1566	6.37
1567	6.40
1568	6.40
1569	6.40
1570	6.37
1571	6.43
1572	6.41
1573	6.36
1574	6.40
1575	6.36
1576	6.40
1577	6.37
1578	6.44
1579	6.39
1580	6.43
1581	6.41
1582	6.35
1583	6.39
1584	6.42
1585	6.37
1586	6.41
1587	6.42
1588	6.35
1589	6.41
1590	6.39
1591	6.38
1592	6.36
1593	6.41
1594	6.41
1595	6.37
1596	6.40
1597	6.42
1598	6.35
1599	6.39
1600	6.34
1601	6.39
1602	6.38
1603	6.40
1604	6.41
1605	6.39
1606	6.33
1607	6.40
1608	6.37
1609	6.44
1610	6.40
1611	6.36
1612	6.41
1613	6.47
1614	6.41
1615	6.43
1616	6.42
1617	6.39
1618	6.40
1619	6.40
1620	6.40
1621	6.41
1622	6.39
1623	6.34
1624	6.38
1625	6.46
1626	6.35
1627	6.33
1628	6.42
1629	6.41
1630	6.43
1631	6.40
1632	6.41
1633	6.43
1634	6.37
1635	6.36
1636	6.46
1637	6.44
1638	6.41
1639	6.44
1640	6.32
1641	6.36
1642	6.41
1643	6.44
1644	6.38
1645	6.42
1646	6.42
1647	6.43
1648	6.44
1649	6.38
1650	6.41
1651	6.37
1652	6.37
1653	6.46
1654	6.41
1655	6.37
1656	6.46
1657	6.35
1658	6.39
1659	6.40
1660	6.45
1661	6.39
1662	6.37
1663	6.46
1664	6.41
1665	6.39
1666	6.36
1667	6.40
1668	6.40
1669	6.45
1670	6.37
1671	6.37
1672	6.44
1673	6.39
1674	6.40
1675	6.44
1676	6.38
1677	6.37
1678	6.42
1679	6.45
1680	6.41
1681	6.40
1682	6.45
1683	6.41
1684	6.41
1685	6.39
1686	6.40
1687	6.40
1688	6.41
1689	6.38
1690	6.44
1691	6.42
1692	6.43
1693	6.40
1694	6.40
1695	6.39
1696	6.38
1697	6.43
1698	6.42
1699	6.39
1700	6.43
1701	6.47
1702	6.44
1703	6.45
1704	6.40
1705	6.42
1706	6.38
1707	6.42
1708	6.41
1709	6.44
1710	6.39
1711	6.36
1712	6.38
1713	6.38
1714	6.39
1715	6.38
1716	6.37
1717	6.36
1718	6.44
1719	6.45
1720	6.39
1721	6.43
1722	6.40
1723	6.43
1724	6.41
1725	6.42
1726	6.43
1727	6.40
1728	6.43
1729	6.37
1730	6.44
1731	6.44
1732	6.37
1733	6.41
1734	6.44
1735	6.40
1736	6.43
1737	6.37
1738	6.42
1739	6.44
1740	6.41
1741	6.39
1742	6.39
1743	6.43
1744	6.40
1745	6.41
1746	6.39
1747	6.41
1748	6.36
1749	6.37
1750	6.46
1751	6.44
1752	6.38
1753	6.43
1754	6.37
1755	6.39
1756	6.42
1757	6.38
1758	6.42
1759	6.38
1760	6.44
1761	6.40
1762	6.42
1763	6.39
1764	6.37
1765	6.40
1766	6.45
1767	6.44
1768	6.38
1769	6.44
1770	6.39
1771	6.39
1772	6.44
1773	6.42
1774	6.37
1775	6.38
1776	6.41
1777	6.39
1778	6.45
1779	6.42
1780	6.40
1781	6.42
1782	6.35
1783	6.45
1784	6.42
1785	6.42
1786	6.39
1787	6.42
1788	6.42
1789	6.38
1790	6.37
1791	6.44
1792	6.42
1793	6.41
1794	6.46
1795	6.46
1796	6.47
1797	6.42
1798	6.43
1799	6.47
1800	6.41
1801	6.41
1802	6.45
1803	6.37
1804	6.44
1805	6.44
1806	6.41
1807	6.45
1808	6.45
1809	6.44
1810	6.40
1811	6.44
1812	6.46
1813	6.43
1814	6.41
1815	6.46
1816	6.40
1817	6.43
1818	6.36
1819	6.45
1820	6.43
1821	6.45
1822	6.43
1823	6.45
1824	6.42
1825	6.43
1826	6.41
1827	6.41
1828	6.40
1829	6.39
1830	6.43
1831	6.43
1832	6.42
1833	6.44
1834	6.40
1835	6.42
1836	6.41
1837	6.41
1838	6.44
1839	6.43
1840	6.45
1841	6.47
1842	6.44
1843	6.48
1844	6.39
1845	6.43
1846	6.44
1847	6.45
1848	6.45
1849	6.44
1850	6.42
1851	6.45
1852	6.44
1853	6.42
1854	6.45
1855	6.45
1856	6.48
1857	6.43
1858	6.43
1859	6.43
1860	6.44
1861	6.37
1862	6.36
1863	6.44
1864	6.41
1865	6.37
1866	6.43
1867	6.38
1868	6.38
1869	6.41
1870	6.44
1871	6.45
1872	6.46
1873	6.42
1874	6.42
1875	6.43
1876	6.41
1877	6.38
1878	6.43
1879	6.46
1880	6.42
1881	6.43
1882	6.44
1883	6.43
1884	6.42
1885	6.42
1886	6.41
1887	6.49
1888	6.46
1889	6.41
1890	6.37
1891	6.43
1892	6.46
1893	6.48
1894	6.40
1895	6.40
1896	6.45
1897	6.43
1898	6.42
1899	6.44
1900	6.39
1901	6.44
1902	6.44
1903	6.51
1904	6.48
1905	6.41
1906	6.41
1907	6.39
1908	6.39
1909	6.41
1910	6.38
1911	6.39
1912	6.49
1913	6.44
1914	6.43
1915	6.41
1916	6.39
1917	6.43
1918	6.43
1919	6.47
1920	6.43
1921	6.41
1922	6.45
1923	6.44
1924	6.43
1925	6.40
1926	6.41
1927	6.39
1928	6.45
1929	6.42
1930	6.45
1931	6.45
1932	6.42
1933	6.44
1934	6.45
1935	6.41
1936	6.44
1937	6.47
1938	6.44
1939	6.40
1940	6.42
1941	6.41
1942	6.48
1943	6.43
1944	6.40
1945	6.44
1946	6.42
1947	6.45
1948	6.45
1949	6.45
1950	6.48
1951	6.44
1952	6.41
1953	6.45
1954	6.43
1955	6.42
1956	6.44
1957	6.44
1958	6.45
1959	6.42
1960	6.42
1961	6.36
1962	6.44
1963	6.45
1964	6.47
1965	6.39
1966	6.49
1967	6.41
1968	6.47
1969	6.46
1970	6.48
1971	6.45
1972	6.43
1973	6.44
1974	6.42
1975	6.47
1976	6.47
1977	6.45
1978	6.44
1979	6.46
1980	6.51
1981	6.46
1982	6.45
1983	6.41
1984	6.47
1985	6.39
1986	6.47
1987	6.44
1988	6.45
1989	6.43
1990	6.46
1991	6.39
1992	6.42
1993	6.42
1994	6.43
1995	6.44
1996	6.37
1997	6.42
1998	6.47
1999	6.44
2000	6.41
2001	6.42
2002	6.45
2003	6.42
2004	6.45
2005	6.44
2006	6.45
2007	6.42
2008	6.44
2009	6.44
2010	6.44
2011	6.40
2012	6.44
2013	6.44
2014	6.40
2015	6.44
2016	6.44
2017	6.47
2018	6.44
2019	6.41
2020	6.47
2021	6.41
2022	6.42
2023	6.43
2024	6.47
2025	6.46
2026	6.42
2027	6.43
2028	6.41
2029	6.43
2030	6.42
2031	6.43
2032	6.45
2033	6.40
2034	6.45
2035	6.43
2036	6.46
2037	6.47
2038	6.43
2039	6.43
2040	6.45
2041	6.48
2042	6.48
2043	6.44
2044	6.42
2045	6.46
2046	6.44
2047	6.41
2048	6.43
2049	6.47
2050	6.48
2051	6.41
2052	6.48
2053	6.45
2054	6.42
2055	6.42
2056	6.45
2057	6.44
2058	6.47
2059	6.49
2060	6.43
2061	6.47
2062	6.41
2063	6.42
2064	6.44
2065	6.44
2066	6.37
2067	6.42
2068	6.39
2069	6.44
2070	6.42
2071	6.45
2072	6.39
2073	6.46
2074	6.45
2075	6.45
2076	6.43
2077	6.49
2078	6.44
2079	6.43
2080	6.48
2081	6.45
2082	6.42
2083	6.46
2084	6.43
2085	6.42
2086	6.44
2087	6.42
2088	6.44
2089	6.44
2090	6.45
2091	6.44
2092	6.45
2093	6.34
2094	6.45
2095	6.41
2096	6.48
2097	6.45
2098	6.42
2099	6.46
2100	6.48
2101	6.45
2102	6.41
2103	6.40
2104	6.48
2105	6.48
2106	6.42
2107	6.49
2108	6.46
2109	6.42
2110	6.39
2111	6.45
2112	6.44
2113	6.44
2114	6.42
2115	6.41
2116	6.41
2117	6.39
2118	6.41
2119	6.49
2120	6.44
2121	6.42
2122	6.43
2123	6.47
2124	6.47
2125	6.47
2126	6.44
2127	6.48
2128	6.46
2129	6.47
2130	6.45
2131	6.45
2132	6.46
2133	6.48
2134	6.42
2135	6.49
2136	6.43
2137	6.47
2138	6.42
2139	6.41
2140	6.41
2141	6.48
2142	6.46
2143	6.42
2144	6.45
2145	6.49
2146	6.45
2147	6.38
2148	6.48
2149	6.46
2150	6.47
2151	6.43
2152	6.46
2153	6.42
2154	6.45
2155	6.43
2156	6.43
2157	6.49
2158	6.44
2159	6.50
2160	6.39
2161	6.45
2162	6.44
2163	6.44
2164	6.48
2165	6.45
2166	6.43
2167	6.45
2168	6.48
2169	6.40
2170	6.49
2171	6.45
2172	6.45
2173	6.46
2174	6.46
2175	6.47
2176	6.48
2177	6.43
2178	6.45
2179	6.44
2180	6.44
2181	6.39
2182	6.48
2183	6.49
2184	6.43
2185	6.42
2186	6.39
2187	6.46
2188	6.45
2189	6.48
2190	6.48
2191	6.40
2192	6.41
2193	6.44
2194	6.48
2195	6.43
2196	6.41
2197	6.41
2198	6.43
2199	6.46
2200	6.45
2201	6.46
2202	6.43
2203	6.39
2204	6.49
2205	6.45
2206	6.44
2207	6.50
2208	6.44
2209	6.46
2210	6.42
2211	6.48
2212	6.49
2213	6.49
2214	6.44
2215	6.47
2216	6.43
2217	6.45
2218	6.41
2219	6.49
2220	6.46
2221	6.45
2222	6.43
2223	6.44
2224	6.45
2225	6.42
2226	6.50
2227	6.41
2228	6.44
2229	6.44
2230	6.45
2231	6.41
2232	6.45
2233	6.40
2234	6.41
2235	6.47
2236	6.39
2237	6.43
2238	6.44
2239	6.48
2240	6.42
2241	6.47
2242	6.44
2243	6.49
2244	6.43
2245	6.43
2246	6.42
2247	6.46
2248	6.47
2249	6.47
2250	6.47
2251	6.45
2252	6.42
2253	6.42
2254	6.43
2255	6.44
2256	6.46
2257	6.45
2258	6.47
2259	6.43
2260	6.46
2261	6.47
2262	6.45
2263	6.41
2264	6.43
2265	6.41
2266	6.49
2267	6.49
2268	6.45
2269	6.45
2270	6.45
2271	6.48
2272	6.46
2273	6.45
2274	6.48
2275	6.43
2276	6.47
2277	6.47
2278	6.47
2279	6.43
2280	6.39
2281	6.44
2282	6.41
2283	6.46
2284	6.46
2285	6.52
2286	6.48
2287	6.44
2288	6.47
2289	6.42
2290	6.49
2291	6.47
2292	6.44
2293	6.46
2294	6.40
2295	6.43
2296	6.46
2297	6.45
2298	6.46
2299	6.43
2300	6.40
2301	6.44
2302	6.42
2303	6.43
2304	6.46
2305	6.43
2306	6.43
2307	6.44
2308	6.47
2309	6.46
2310	6.48
2311	6.44
2312	6.45
2313	6.44
2314	6.48
2315	6.42
2316	6.43
2317	6.48
2318	6.45
2319	6.47
2320	6.48
2321	6.44
2322	6.53
2323	6.45
2324	6.43
2325	6.45
2326	6.49
2327	6.46
2328	6.48
2329	6.45
2330	6.49
2331	6.50
2332	6.45
2333	6.48
2334	6.51
2335	6.49
2336	6.55
2337	6.47
2338	6.40
2339	6.47
2340	6.49
2341	6.43
2342	6.44
2343	6.47
2344	6.49
2345	6.49
2346	6.41
2347	6.44
2348	6.45
2349	6.50
2350	6.43
2351	6.45
2352	6.53
2353	6.49
2354	6.48
2355	6.46
2356	6.47
2357	6.46
2358	6.49
2359	6.49
2360	6.46
2361	6.49
2362	6.43
2363	6.51
2364	6.50
2365	6.43
2366	6.42
2367	6.47
2368	6.45
2369	6.43
2370	6.50
2371	6.51
2372	6.49
2373	6.44
2374	6.48
2375	6.48
2376	6.42
2377	6.42
2378	6.44
2379	6.45
2380	6.45
2381	6.48
2382	6.52
2383	6.48
2384	6.46
2385	6.42
2386	6.47
2387	6.48
2388	6.44
2389	6.48
2390	6.47
2391	6.46
2392	6.44
2393	6.50
2394	6.49
2395	6.51
2396	6.49
2397	6.43
2398	6.47
2399	6.45
2400	6.41
2401	6.41
2402	6.46
2403	6.47
2404	6.47
2405	6.46
2406	6.43
2407	6.42
2408	6.50
2409	6.50
2410	6.48
2411	6.45
2412	6.45
2413	6.43
2414	6.47
2415	6.47
2416	6.48
2417	6.45
2418	6.48
2419	6.48
2420	6.47
2421	6.46
2422	6.46
2423	6.50
2424	6.48
2425	6.45
2426	6.48
2427	6.48
2428	6.46
2429	6.45
2430	6.47
2431	6.47
2432	6.47
2433	6.47
2434	6.47
2435	6.52
2436	6.49
2437	6.49
2438	6.49
2439	6.50
2440	6.44
2441	6.43
2442	6.48
2443	6.46
2444	6.46
2445	6.51
2446	6.45
2447	6.51
2448	6.45
2449	6.52
2450	6.45
2451	6.46
2452	6.49
2453	6.49
2454	6.43
2455	6.51
2456	6.49
2457	6.44
2458	6.41
2459	6.47
2460	6.44
2461	6.50
2462	6.49
2463	6.44
2464	6.47
2465	6.49
2466	6.47
2467	6.50
2468	6.44
2469	6.47
2470	6.47
2471	6.45
2472	6.49
2473	6.47
2474	6.49
2475	6.50
2476	6.52
2477	6.51
2478	6.48
2479	6.44
2480	6.46
2481	6.49
2482	6.50
2483	6.48
2484	6.41
2485	6.48
2486	6.48
2487	6.45
2488	6.50
2489	6.47
2490	6.48
2491	6.50
2492	6.48
2493	6.49
2494	6.52
2495	6.48
2496	6.49
2497	6.45
2498	6.47
2499	6.44
2500	6.49
2501	6.52
2502	6.47
2503	6.47
2504	6.48
2505	6.48
2506	6.44
2507	6.44
2508	6.51
2509	6.46
2510	6.47
2511	6.47
2512	6.47
2513	6.43
2514	6.48
2515	6.53
2516	6.49
2517	6.47
2518	6.51
2519	6.47
2520	6.51
2521	6.48
2522	6.49
2523	6.49
2524	6.50
2525	6.49
2526	6.45
2527	6.53
2528	6.48
2529	6.55
2530	6.50
2531	6.46
2532	6.57
2533	6.45
2534	6.47
2535	6.48
2536	6.51
2537	6.50
2538	6.53
2539	6.50
2540	6.49
2541	6.55
2542	6.46
2543	6.47
2544	6.54
2545	6.48
2546	6.50
2547	6.49
2548	6.45
2549	6.50
2550	6.49
2551	6.48
2552	6.44
2553	6.49
2554	6.53
2555	6.44
2556	6.53
2557	6.48
2558	6.50
2559	6.53
2560	6.51
2561	6.51
2562	6.47
2563	6.52
2564	6.51
2565	6.53
2566	6.51
2567	6.53
2568	6.52
2569	6.56
2570	6.49
2571	6.46
2572	6.52
2573	6.47
2574	6.49
2575	6.48
2576	6.55
2577	6.50
2578	6.52
2579	6.55
2580	6.51
2581	6.48
2582	6.50
2583	6.48
2584	6.52
2585	6.53
2586	6.55
2587	6.51
2588	6.48
2589	6.53
2590	6.53
2591	6.51
2592	6.49
2593	6.54
2594	6.50
2595	6.49
2596	6.49
2597	6.52
2598	6.48
2599	6.49
2600	6.47
2601	6.50
2602	6.49
2603	6.47
2604	6.49
2605	6.49
2606	6.50
2607	6.48
2608	6.52
2609	6.52
2610	6.48
2611	6.49
2612	6.45
2613	6.53
2614	6.51
2615	6.51
2616	6.52
2617	6.52
2618	6.55
2619	6.53
2620	6.49
2621	6.58
2622	6.49
2623	6.46
2624	6.52
2625	6.48
2626	6.47
2627	6.53
2628	6.50
2629	6.48
2630	6.54
2631	6.50
2632	6.48
2633	6.54
2634	6.46
2635	6.45
2636	6.47
2637	6.50
2638	6.52
2639	6.50
2640	6.55
2641	6.50
2642	6.53
2643	6.51
2644	6.49
2645	6.56
2646	6.49
2647	6.47
2648	6.53
2649	6.51
2650	6.55
2651	6.52
2652	6.54
2653	6.47
2654	6.53
2655	6.50
2656	6.56
2657	6.54
2658	6.49
2659	6.51
2660	6.57
2661	6.46
2662	6.57
2663	6.56
2664	6.50
2665	6.49
2666	6.55
2667	6.53
2668	6.51
2669	6.54
2670	6.53
2671	6.55
2672	6.53
2673	6.53
2674	6.50
2675	6.53
2676	6.56
2677	6.51
2678	6.54
2679	6.52
2680	6.49
2681	6.47
2682	6.49
2683	6.53
2684	6.50
2685	6.48
2686	6.53
2687	6.48
2688	6.55
2689	6.45
2690	6.46
2691	6.54
2692	6.48
2693	6.51
2694	6.53
2695	6.46
2696	6.48
2697	6.53
2698	6.51
2699	6.51
2700	6.50
2701	6.52
2702	6.49
2703	6.53
2704	6.51
2705	6.56
2706	6.52
2707	6.52
2708	6.51
2709	6.52
2710	6.50
2711	6.49
2712	6.50
2713	6.53
2714	6.49
2715	6.56
2716	6.48
2717	6.50
2718	6.53
2719	6.53
2720	6.51
2721	6.55
2722	6.51
2723	6.50
2724	6.51
2725	6.54
2726	6.44
2727	6.48
2728	6.54
2729	6.51
2730	6.48
2731	6.49
2732	6.52
2733	6.50
2734	6.47
2735	6.52
2736	6.54
2737	6.52
2738	6.48
2739	6.51
2740	6.48
2741	6.49
2742	6.52
2743	6.50
2744	6.50
2745	6.53
2746	6.52
2747	6.55
2748	6.51
2749	6.50
2750	6.54
2751	6.49
2752	6.55
2753	6.52
2754	6.53
2755	6.55
2756	6.51
2757	6.51
2758	6.52
2759	6.55
2760	6.47
2761	6.52
2762	6.53
2763	6.54
2764	6.48
2765	6.54
2766	6.55
2767	6.54
2768	6.58
2769	6.60
2770	6.53
2771	6.57
2772	6.52
2773	6.54
2774	6.49
2775	6.53
2776	6.58
2777	6.58
2778	6.55
2779	6.53
2780	6.53
2781	6.49
2782	6.56
2783	6.51
2784	6.51
2785	6.56
2786	6.55
2787	6.53
2788	6.53
2789	6.53
2790	6.56
2791	6.46
2792	6.55
2793	6.54
2794	6.53
2795	6.52
2796	6.54
2797	6.52
2798	6.49
2799	6.50
2800	6.55
2801	6.55
2802	6.50
2803	6.55
2804	6.56
2805	6.54
2806	6.51
2807	6.56
2808	6.55
2809	6.52
2810	6.51
2811	6.51
2812	6.50
2813	6.51
2814	6.54
2815	6.52
2816	6.59
2817	6.53
2818	6.59
2819	6.57
2820	6.54
2821	6.51
2822	6.57
2823	6.55
2824	6.56
2825	6.47
2826	6.55
2827	6.58
2828	6.56
2829	6.55
2830	6.52
2831	6.52
2832	6.55
2833	6.50
2834	6.54
2835	6.51
2836	6.51
2837	6.52
2838	6.55
2839	6.61
2840	6.51
2841	6.55
2842	6.52
2843	6.53
2844	6.57
2845	6.55
2846	6.50
2847	6.53
2848	6.55
2849	6.55
2850	6.53
2851	6.48
2852	6.57
2853	6.50
2854	6.53
2855	6.59
2856	6.51
2857	6.54
2858	6.51
2859	6.53
2860	6.58
2861	6.55
2862	6.52
2863	6.54
2864	6.57
2865	6.58
2866	6.50
2867	6.59
2868	6.54
2869	6.60
2870	6.55
2871	6.52
2872	6.57
2873	6.53
2874	6.51
2875	6.52
2876	6.50
2877	6.53
2878	6.54
2879	6.56
2880	6.54
2881	6.51
2882	6.51
2883	6.52
2884	6.53
2885	6.51
2886	6.59
2887	6.56
2888	6.59
2889	6.56
2890	6.51
2891	6.56
2892	6.49
2893	6.54
2894	6.55
2895	6.56
2896	6.54
2897	6.54
2898	6.55
2899	6.55
2900	6.50
2901	6.55
2902	6.52
2903	6.53
2904	6.57
2905	6.55
2906	6.52
2907	6.57
2908	6.52
2909	6.51
2910	6.50
2911	6.62
2912	6.56
2913	6.56
2914	6.50
2915	6.54
2916	6.58
2917	6.57
2918	6.53
2919	6.51
2920	6.60
2921	6.52
2922	6.55
2923	6.57
2924	6.51
2925	6.49
2926	6.52
2927	6.54
2928	6.54
2929	6.53
2930	6.56
2931	6.54
2932	6.57
2933	6.54
2934	6.56
2935	6.57
2936	6.59
2937	6.58
2938	6.48
2939	6.60
2940	6.51
2941	6.53
2942	6.60
2943	6.57
2944	6.50
2945	6.54
2946	6.56
2947	6.51
2948	6.59
2949	6.56
2950	6.52
2951	6.56
2952	6.56
2953	6.56
2954	6.51
2955	6.56
2956	6.58
2957	6.52
2958	6.55
2959	6.54
2960	6.60
2961	6.54
2962	6.53
2963	6.51
2964	6.53
2965	6.53
2966	6.57
2967	6.52
2968	6.58
2969	6.54
2970	6.55
2971	6.58
2972	6.57
2973	6.55
2974	6.52
2975	6.54
2976	6.54
2977	6.52
2978	6.55
2979	6.55
2980	6.54
2981	6.56
2982	6.52
2983	6.58
2984	6.54
2985	6.56
2986	6.55
2987	6.49
2988	6.51
2989	6.55
2990	6.59
2991	6.49
2992	6.53
2993	6.53
2994	6.52
2995	6.55
2996	6.56
2997	6.60
2998	6.52
2999	6.57
3000	6.54
3001	6.56
3002	6.61
3003	6.58
3004	6.56
3005	6.52
3006	6.62
3007	6.51
3008	6.51
3009	6.56
3010	6.57
3011	6.55
3012	6.54
3013	6.57
3014	6.54
3015	6.58
3016	6.59
3017	6.52
3018	6.57
3019	6.56
3020	6.54
3021	6.59
3022	6.49
3023	6.56
3024	6.59
3025	6.53
3026	6.57
3027	6.55
3028	6.60
3029	6.55
3030	6.56
3031	6.58
3032	6.56
3033	6.59
3034	6.52
3035	6.57
3036	6.58
3037	6.63
3038	6.58
3039	6.51
3040	6.54
3041	6.56
3042	6.54
3043	6.48
3044	6.54
3045	6.59
3046	6.55
3047	6.55
3048	6.52
3049	6.63
3050	6.53
3051	6.53
3052	6.53
3053	6.58
3054	6.55
3055	6.51
3056	6.53
3057	6.54
3058	6.59
3059	6.52
3060	6.52
3061	6.56
3062	6.54
3063	6.58
3064	6.59
3065	6.50
3066	6.56
3067	6.55
3068	6.59
3069	6.56
3070	6.58
3071	6.53
3072	6.54
3073	6.56
3074	6.52
3075	6.57
3076	6.58
3077	6.56
3078	6.53
3079	6.57
3080	6.55
3081	6.55
3082	6.61
3083	6.52
3084	6.59
3085	6.54
3086	6.61
3087	6.59
3088	6.56
3089	6.54
3090	6.56
3091	6.55
3092	6.59
3093	6.58
3094	6.54
3095	6.58
3096	6.59
3097	6.61
3098	6.57
3099	6.56
3100	6.55
3101	6.61
3102	6.56
3103	6.58
3104	6.53
3105	6.64
3106	6.61
3107	6.55
3108	6.54
3109	6.62
3110	6.59
3111	6.57
3112	6.57
3113	6.58
3114	6.57
3115	6.63
3116	6.54
3117	6.55
3118	6.58
3119	6.56
3120	6.60
3121	6.57
3122	6.58
3123	6.57
3124	6.56
3125	6.56
3126	6.59
3127	6.62
3128	6.61
3129	6.56
3130	6.52
3131	6.60
3132	6.55
3133	6.53
3134	6.59
3135	6.55
3136	6.58
3137	6.51
3138	6.61
3139	6.58
3140	6.55
3141	6.62
3142	6.52
3143	6.62
3144	6.58
3145	6.59
3146	6.63
3147	6.55
3148	6.59
3149	6.64
3150	6.58
3151	6.53
3152	6.64
3153	6.60
3154	6.59
3155	6.57
3156	6.55
3157	6.54
3158	6.56
3159	6.57
3160	6.57
3161	6.55
3162	6.59
3163	6.57
3164	6.57
3165	6.60
3166	6.57
3167	6.57
3168	6.59
3169	6.58
3170	6.56
3171	6.57
3172	6.63
3173	6.56
3174	6.56
3175	6.56
3176	6.62
3177	6.50
3178	6.58
3179	6.57
3180	6.57
3181	6.54
3182	6.59
3183	6.55
3184	6.56
3185	6.60
3186	6.56
3187	6.57
3188	6.52
3189	6.60
3190	6.60
3191	6.63
3192	6.63
3193	6.53
3194	6.60
3195	6.62
3196	6.57
3197	6.58
3198	6.63
3199	6.61
3200	6.55
3201	6.56
3202	6.58
3203	6.57
3204	6.60
3205	6.55
3206	6.61
3207	6.58
3208	6.58
3209	6.63
3210	6.63
3211	6.56
3212	6.60
3213	6.56
3214	6.56
3215	6.57
3216	6.49
3217	6.58
3218	6.58
3219	6.55
3220	6.54
3221	6.55
3222	6.56
3223	6.54
3224	6.58
3225	6.59
3226	6.58
3227	6.61
3228	6.61
3229	6.59
3230	6.59
3231	6.63
3232	6.61
3233	6.57
3234	6.60
3235	6.62
3236	6.61
3237	6.55
3238	6.60
3239	6.55
3240	6.57
3241	6.58
3242	6.58
3243	6.61
3244	6.63
3245	6.62
3246	6.62
3247	6.61
3248	6.55
3249	6.55
3250	6.58
3251	6.51
3252	6.58
3253	6.58
3254	6.67
3255	6.57
3256	6.52
3257	6.60
3258	6.55
3259	6.58
3260	6.52
3261	6.59
3262	6.59
3263	6.65
3264	6.57
3265	6.56
3266	6.59
3267	6.55
3268	6.54
3269	6.58
3270	6.55
3271	6.57
3272	6.59
3273	6.62
3274	6.55
3275	6.57
3276	6.57
3277	6.61
3278	6.59
3279	6.54
3280	6.63
3281	6.58
3282	6.55
3283	6.57
3284	6.58
3285	6.57
3286	6.59
3287	6.55
3288	6.59
3289	6.48
3290	6.64
3291	6.62
3292	6.60
3293	6.59
3294	6.54
3295	6.58
3296	6.59
3297	6.62
3298	6.60
3299	6.55
3300	6.57
3301	6.58
3302	6.58
3303	6.58
3304	6.63
3305	6.58
3306	6.62
3307	6.61
3308	6.61
3309	6.54
3310	6.60
3311	6.62
3312	6.55
3313	6.58
3314	6.54
3315	6.60
3316	6.62
3317	6.56
3318	6.57
3319	6.63
3320	6.57
3321	6.59
3322	6.61
3323	6.54
3324	6.61
3325	6.63
3326	6.59
3327	6.58
3328	6.60
3329	6.58
3330	6.59
3331	6.61
3332	6.63
3333	6.60
3334	6.58
3335	6.66
3336	6.60
3337	6.57
3338	6.57
3339	6.60
3340	6.56
3341	6.61
3342	6.55
3343	6.57
3344	6.62
3345	6.55
3346	6.57
3347	6.57
3348	6.62
3349	6.61
3350	6.67
3351	6.61
3352	6.58
3353	6.60
3354	6.55
3355	6.59
3356	6.53
3357	6.58
3358	6.55
3359	6.63
3360	6.61
3361	6.59
3362	6.59
3363	6.60
3364	6.63
3365	6.62
3366	6.66
3367	6.59
3368	6.57
3369	6.56
3370	6.57
3371	6.57
3372	6.57
3373	6.59
3374	6.54
3375	6.58
3376	6.63
3377	6.64
3378	6.59
3379	6.55
3380	6.59
3381	6.60
3382	6.56
3383	6.62
3384	6.66
3385	6.60
3386	6.57
3387	6.63
3388	6.62
3389	6.56
3390	6.59
3391	6.55
3392	6.61
3393	6.60
3394	6.58
3395	6.56
3396	6.55
3397	6.61
3398	6.60
3399	6.59
3400	6.65
3401	6.57
3402	6.53
3403	6.65
3404	6.64
3405	6.61
3406	6.61
3407	6.58
3408	6.58
3409	6.62
3410	6.60
3411	6.60
3412	6.57
3413	6.59
3414	6.61
3415	6.61
3416	6.61
3417	6.57
3418	6.63
3419	6.55
3420	6.61
3421	6.65
3422	6.63
3423	6.61
3424	6.59
3425	6.62
3426	6.62
3427	6.60
3428	6.58
3429	6.64
3430	6.54
3431	6.56
3432	6.58
3433	6.56
3434	6.63
3435	6.61
3436	6.62
3437	6.65
3438	6.62
3439	6.63
3440	6.60
3441	6.58
3442	6.62
3443	6.60
3444	6.57
3445	6.64
3446	6.63
3447	6.56
3448	6.66
3449	6.58
3450	6.58
3451	6.59
3452	6.56
3453	6.57
3454	6.55
3455	6.54
3456	6.58
3457	6.57
3458	6.59
3459	6.60
3460	6.64
3461	6.61
3462	6.58
3463	6.61
3464	6.65
3465	6.66
3466	6.58
3467	6.62
3468	6.63
3469	6.60
3470	6.62
3471	6.56
3472	6.57
3473	6.58
3474	6.61
3475	6.61
3476	6.60
3477	6.62
3478	6.56
3479	6.61
3480	6.60
3481	6.58
3482	6.56
3483	6.62
3484	6.60
3485	6.63
3486	6.63
3487	6.63
3488	6.67
3489	6.61
3490	6.55
3491	6.60
3492	6.63
3493	6.60
3494	6.64
3495	6.65
3496	6.62
3497	6.63
3498	6.63
3499	6.62
3500	6.58
3501	6.64
3502	6.64
3503	6.66
3504	6.56
3505	6.61
3506	6.58
3507	6.58
3508	6.57
3509	6.62
3510	6.59
3511	6.55
3512	6.64
3513	6.64
3514	6.58
3515	6.59
3516	6.61
3517	6.64
3518	6.61
3519	6.56
3520	6.66
3521	6.61
3522	6.54
3523	6.58
3524	6.58
3525	6.58
3526	6.61
3527	6.63
3528	6.65
3529	6.55
3530	6.67
3531	6.65
3532	6.63
3533	6.62
3534	6.60
3535	6.60
3536	6.63
3537	6.58
3538	6.53
3539	6.58
3540	6.63
3541	6.63
3542	6.54
3543	6.59
3544	6.63
3545	6.66
3546	6.58
3547	6.59
3548	6.68
3549	6.62
3550	6.60
3551	6.61
3552	6.61
3553	6.64
3554	6.63
3555	6.58
3556	6.59
3557	6.65
3558	6.64
3559	6.58
3560	6.62
3561	6.56
3562	6.60
3563	6.58
3564	6.64
3565	6.61
3566	6.63
3567	6.68
3568	6.60
3569	6.64
3570	6.63
3571	6.63
3572	6.61
3573	6.63
3574	6.63
3575	6.60
3576	6.57
3577	6.63
3578	6.60
3579	6.63
3580	6.57
3581	6.66
3582	6.65
3583	6.61
3584	6.60
3585	6.58
3586	6.57
3587	6.62
3588	6.59
3589	6.59
3590	6.65
3591	6.64
3592	6.60
3593	6.64
3594	6.60
3595	6.59
3596	6.63
3597	6.63
3598	6.62
3599	6.61
3600	6.64
3601	6.62
3602	6.63
3603	6.63
3604	6.61
3605	6.64
3606	6.61
3607	6.64
3608	6.63
3609	6.59
3610	6.62
3611	6.64
3612	6.63
3613	6.59
3614	6.58
3615	6.60
3616	6.60
3617	6.56
3618	6.64
3619	6.64
3620	6.56
3621	6.65
3622	6.60
3623	6.66
3624	6.62
3625	6.63
3626	6.57
3627	6.66
3628	6.63
3629	6.62
3630	6.63
3631	6.67
3632	6.66
3633	6.62
3634	6.59
3635	6.57
3636	6.61
3637	6.64
3638	6.61
3639	6.65
3640	6.66
3641	6.64
3642	6.57
3643	6.65
3644	6.61
3645	6.60
3646	6.62
3647	6.60
3648	6.62
3649	6.61
3650	6.55
3651	6.62
3652	6.63
3653	6.62
3654	6.65
3655	6.57
3656	6.66
3657	6.58
3658	6.67
3659	6.62
3660	6.62
3661	6.57
3662	6.64
3663	6.62
3664	6.63
3665	6.68
3666	6.65
3667	6.62
3668	6.62
3669	6.66
3670	6.59
3671	6.65
3672	6.68
3673	6.62
3674	6.58
3675	6.61
3676	6.58
3677	6.61
3678	6.61
3679	6.61
3680	6.66
3681	6.61
3682	6.62
3683	6.64
3684	6.63
3685	6.58
3686	6.62
3687	6.64
3688	6.62
3689	6.61
3690	6.65
3691	6.55
3692	6.65
3693	6.64
3694	6.68
3695	6.61
3696	6.62
3697	6.61
3698	6.60
3699	6.64
3700	6.60
3701	6.62
3702	6.62
3703	6.60
3704	6.63
3705	6.65
3706	6.62
3707	6.66
3708	6.64
3709	6.62
3710	6.63
3711	6.59
3712	6.63
3713	6.63
3714	6.70
3715	6.62
3716	6.59
3717	6.61
3718	6.62
3719	6.65
3720	6.64
3721	6.68
3722	6.68
3723	6.60
3724	6.64
3725	6.62
3726	6.62
3727	6.61
3728	6.69
3729	6.58
3730	6.62
3731	6.63
3732	6.64
3733	6.66
3734	6.62
3735	6.64
3736	6.63
3737	6.60
3738	6.61
3739	6.57
3740	6.64
3741	6.65
3742	6.62
3743	6.61
3744	6.64
3745	6.63
3746	6.58
3747	6.63
3748	6.61
3749	6.63
3750	6.53
3751	6.58
3752	6.58
3753	6.60
3754	6.62
3755	6.67
3756	6.60
3757	6.57
3758	6.66
3759	6.62
3760	6.66
3761	6.63
3762	6.61
3763	6.60
3764	6.64
3765	6.62
3766	6.64
3767	6.66
3768	6.66
3769	6.69
3770	6.61
3771	6.62
3772	6.61
3773	6.67
3774	6.61
3775	6.65
3776	6.62
3777	6.62
3778	6.65
3779	6.62
3780	6.58
3781	6.67
3782	6.60
3783	6.65
3784	6.65
3785	6.66
3786	6.64
3787	6.63
3788	6.63
3789	6.68
3790	6.67
3791	6.63
3792	6.68
3793	6.59
3794	6.67
3795	6.59
3796	6.66
3797	6.64
3798	6.64
3799	6.62
3800	6.65
3801	6.62
3802	6.64
3803	6.66
3804	6.65
3805	6.61
3806	6.63
3807	6.64
3808	6.63
3809	6.64
3810	6.67
3811	6.62
3812	6.62
3813	6.62
3814	6.61
3815	6.64
3816	6.64
3817	6.63
3818	6.60
3819	6.61
3820	6.67
3821	6.65
3822	6.64
3823	6.59
3824	6.64
3825	6.61
3826	6.65
3827	6.62
3828	6.60
3829	6.65
3830	6.62
3831	6.68
3832	6.64
3833	6.64
3834	6.65
3835	6.55
3836	6.64
3837	6.66
3838	6.60
3839	6.62
3840	6.68
3841	6.64
3842	6.61
3843	6.59
3844	6.61
3845	6.73
3846	6.65
3847	6.65
3848	6.62
3849	6.63
3850	6.62
3851	6.61
3852	6.62
3853	6.67
3854	6.63
3855	6.60
3856	6.65
3857	6.65
3858	6.68
3859	6.61
3860	6.66
3861	6.66
3862	6.68
3863	6.63
3864	6.66
3865	6.64
3866	6.60
3867	6.63
3868	6.63
3869	6.64
3870	6.63
3871	6.64
3872	6.61
3873	6.66
3874	6.68
3875	6.65
3876	6.67
3877	6.62
3878	6.62
3879	6.72
3880	6.62
3881	6.63
3882	6.63
3883	6.62
3884	6.61
3885	6.65
3886	6.59
3887	6.66
3888	6.61
3889	6.69
3890	6.65
3891	6.69
3892	6.63
3893	6.64
3894	6.63
3895	6.63
3896	6.63
3897	6.68
3898	6.64
3899	6.58
3900	6.68
3901	6.62
3902	6.62
3903	6.60
3904	6.62
3905	6.62
3906	6.64
3907	6.67
3908	6.60
3909	6.60
3910	6.63
3911	6.65
3912	6.61
3913	6.62
3914	6.63
3915	6.64
3916	6.68
3917	6.63
3918	6.68
3919	6.61
3920	6.66
3921	6.58
3922	6.68
3923	6.62
3924	6.64
3925	6.63
3926	6.63
3927	6.64
3928	6.65
3929	6.60
3930	6.65
3931	6.64
3932	6.62
3933	6.65
3934	6.64
3935	6.59
3936	6.63
3937	6.71
3938	6.62
3939	6.67
3940	6.65
3941	6.69
3942	6.61
3943	6.66
3944	6.66
3945	6.65
3946	6.64
3947	6.65
3948	6.70
3949	6.70
3950	6.65
3951	6.68
3952	6.59
3953	6.67
3954	6.64
3955	6.67
3956	6.67
3957	6.65
3958	6.63
3959	6.63
3960	6.70
3961	6.64
3962	6.63
3963	6.68
3964	6.66
3965	6.64
3966	6.61
3967	6.64
3968	6.62
3969	6.64
3970	6.64
3971	6.67
3972	6.63
3973	6.62
3974	6.63
3975	6.67
3976	6.63
3977	6.65
3978	6.67
3979	6.68
3980	6.68
3981	6.64
3982	6.66
3983	6.67
3984	6.67
3985	6.61
3986	6.67
3987	6.63
3988	6.66
3989	6.70
3990	6.66
3991	6.65
3992	6.68
3993	6.63
3994	6.67
3995	6.63
3996	6.68
3997	6.64
3998	6.60
3999	6.60
4000	6.68
4001	6.64
4002	6.61
4003	6.66
4004	6.61
4005	6.64
4006	6.65
4007	6.65
4008	6.69
4009	6.64
4010	6.64
4011	6.67
4012	6.63
4013	6.68
4014	6.68
4015	6.63
4016	6.62
4017	6.63
4018	6.66
4019	6.64
4020	6.66
4021	6.65
4022	6.67
4023	6.64
4024	6.61
4025	6.70
4026	6.60
4027	6.59
4028	6.65
4029	6.57
4030	6.67
4031	6.62
4032	6.70
4033	6.68
4034	6.64
4035	6.66
4036	6.60
4037	6.66
4038	6.66
4039	6.69
4040	6.68
4041	6.66
4042	6.71
4043	6.67
4044	6.67
4045	6.64
4046	6.69
4047	6.60
4048	6.63
4049	6.63
4050	6.66
4051	6.61
4052	6.66
4053	6.66
4054	6.67
4055	6.70
4056	6.61
4057	6.63
4058	6.63
4059	6.67
4060	6.63
4061	6.65
4062	6.66
4063	6.63
4064	6.73
4065	6.60
4066	6.61
4067	6.63
4068	6.65
4069	6.68
4070	6.69
4071	6.63
4072	6.64
4073	6.64
4074	6.63
4075	6.56
4076	6.60
4077	6.64
4078	6.72
4079	6.69
4080	6.64
4081	6.65
4082	6.66
4083	6.63
4084	6.68
4085	6.64
4086	6.65
4087	6.64
4088	6.58
4089	6.70
4090	6.63
4091	6.66
4092	6.63
4093	6.63
4094	6.63
4095	6.68
4096	6.67
4097	6.66
4098	6.68
4099	6.72
4100	6.63
4101	6.65
4102	6.68
4103	6.66
4104	6.63
4105	6.61
4106	6.65
4107	6.65
4108	6.65
4109	6.66
4110	6.63
4111	6.63
4112	6.68
4113	6.66
4114	6.65
4115	6.67
4116	6.64
4117	6.62
4118	6.68
4119	6.66
4120	6.68
4121	6.64
4122	6.69
4123	6.67
4124	6.62
4125	6.61
4126	6.64
4127	6.60
4128	6.65
4129	6.66
4130	6.69
4131	6.68
4132	6.64
4133	6.65
4134	6.67
4135	6.68
4136	6.65
4137	6.68
4138	6.67
4139	6.70
4140	6.69
4141	6.64
4142	6.64
4143	6.67
4144	6.64
4145	6.67
4146	6.64
4147	6.69
4148	6.67
4149	6.62
4150	6.66
4151	6.66
4152	6.66
4153	6.65
4154	6.74
4155	6.69
4156	6.66
4157	6.65
4158	6.69
4159	6.66
4160	6.70
4161	6.63
4162	6.67
4163	6.73
4164	6.66
4165	6.66
4166	6.71
4167	6.70
4168	6.61
4169	6.69
4170	6.62
4171	6.72
4172	6.67
4173	6.68
4174	6.65
4175	6.67
4176	6.74
4177	6.68
4178	6.69
4179	6.66
4180	6.68
4181	6.70
4182	6.61
4183	6.64
4184	6.66
4185	6.68
4186	6.67
4187	6.69
4188	6.71
4189	6.64
4190	6.69
4191	6.60
4192	6.68
4193	6.67
4194	6.70
4195	6.66
4196	6.65
4197	6.66
4198	6.67
4199	6.67
4200	6.64
4201	6.64
4202	6.71
4203	6.58
4204	6.65
4205	6.67
4206	6.68
4207	6.67
4208	6.67
4209	6.71
4210	6.64
4211	6.67
4212	6.68
4213	6.65
4214	6.66
4215	6.69
4216	6.64
4217	6.69
4218	6.71
4219	6.63
4220	6.64
4221	6.70
4222	6.68
4223	6.66
4224	6.65
4225	6.65
4226	6.65
4227	6.74
4228	6.63
4229	6.69
4230	6.67
4231	6.65
4232	6.77
4233	6.68
4234	6.66
4235	6.66
4236	6.62
4237	6.64
4238	6.65
4239	6.69
4240	6.65
4241	6.68
4242	6.73
4243	6.66
4244	6.68
4245	6.63
4246	6.67
4247	6.65
4248	6.68
4249	6.67
4250	6.71
4251	6.66
4252	6.70
4253	6.69
4254	6.65
4255	6.69
4256	6.68
4257	6.72
4258	6.65
4259	6.63
4260	6.69
4261	6.70
4262	6.67
4263	6.70
4264	6.66
4265	6.64
4266	6.68
4267	6.66
4268	6.64
4269	6.65
4270	6.69
4271	6.67
4272	6.67
4273	6.68
4274	6.68
4275	6.66
4276	6.61
4277	6.65
4278	6.69
4279	6.69
4280	6.66
4281	6.65
4282	6.65
4283	6.66
4284	6.64
4285	6.67
4286	6.68
4287	6.66
4288	6.65
4289	6.71
4290	6.60
4291	6.68
4292	6.65
4293	6.70
4294	6.69
4295	6.63
4296	6.70
4297	6.62
4298	6.66
4299	6.62
4300	6.67
4301	6.72
4302	6.66
4303	6.69
4304	6.67
4305	6.75
4306	6.68
4307	6.67
4308	6.67
4309	6.65
4310	6.72
4311	6.65
4312	6.70
4313	6.67
4314	6.70
4315	6.66
4316	6.72
4317	6.72
4318	6.63
4319	6.61
4320	6.64
4321	6.70
4322	6.75
4323	6.67
4324	6.69
4325	6.67
4326	6.68
4327	6.66
4328	6.73
4329	6.67
4330	6.67
4331	6.69
4332	6.67
4333	6.62
4334	6.66
4335	6.66
4336	6.71
4337	6.69
4338	6.70
4339	6.66
4340	6.70
4341	6.69
4342	6.68
4343	6.64
4344	6.72
4345	6.68
4346	6.64
4347	6.72
4348	6.63
4349	6.69
4350	6.73
4351	6.60
4352	6.68
4353	6.66
4354	6.64
4355	6.71
4356	6.66
4357	6.66
4358	6.64
4359	6.72
4360	6.71
4361	6.70
4362	6.68
4363	6.68
4364	6.67
4365	6.69
4366	6.70
4367	6.64
4368	6.65
4369	6.68
4370	6.72
4371	6.73
4372	6.70
4373	6.61
4374	6.67
4375	6.69
4376	6.69
4377	6.71
4378	6.62
4379	6.66
4380	6.69
4381	6.63
4382	6.69
4383	6.70
4384	6.75
4385	6.69
4386	6.65
4387	6.69
4388	6.67
4389	6.66
4390	6.69
4391	6.71
4392	6.73
4393	6.67
4394	6.66
4395	6.69
4396	6.70
